2,3,4,5
6
6,7,8
0
6
4,6,9,10,11
6
6
4,12
6,8
3,5,13,14,15,16
5,6,17,18
5,6,19
6,14,17,20,21
2,12
13
6,22
10
6,10,17
5,6,11,23
6
6,24,25
6
4,7,24,26
3,14,21,27
3,6,14,23
6,14,15,28
5,6,14,29,30
2,7,31
6,25,32
5,6,8,19,33
6,11
4,10,14,15,17
6,13,34
6,13,15,17,35
3,4,8,14,36
3,5,6,21
4,6,7
2,5,33
6,14,16,37
5,38
6,10,14
3,5,7,14
28
6,39
2,3
5,6,7,29
6,8
26,35
5
6,21
5,6,7,13,14,40
6,14
5,6,41
3,6,13,34
5,6,22
3,4,5,6,29
3,5,6
6,28
3,4,6,25
6,21
6,14,37
4,6,34
5,6,15,22
4,6,28
5,6,17,29,42
6,43
6,11,26
3,6,7,25
5,6,44
7,38
6,13,45
2,5,6,21,40
6
4,6,14,40,41
10
5,6,7,23
6,14,20,31
6,12,44
5,6,7,17,45
6,12,18
6,11
7,20,46
3
2,6,17
31,46,47
2,5,26
0
4,5,6,14,42
4,5,6,11,27,37,41,48
2,3,4,6
5,14
5,6,17,28
2,5,6
4,5,6,20
12,20,49
6,7
6,14,19
3,6,22
30,37
6,16,42
2,4,6,10
6,17
14
4,5,10
6,10
3,6,16,17
4,5,6,50
4
50
14,21,35
6,14
2,4,16
5,15,22
6,17
6,8,43
6,29
6,11,14,17,24,25
6,12,14,15,18
10,14,22
6,7,14,25
49
6
3,5,6,25,32
4,18,21
4,6
6
0
6,31,32,36
6,26
5,6,19,22,30
3,5,20,43
6,34
5,19
5,6,22
3
4,6,25
5,6,7,25
6,12
5,6,10,13,17,18,19,42
3,8
7,17,28,37,46
6,21
6,46
5,6,46
5,6
2,6,7,19,20,28,47
6,41
3,5,6
5,12
6,44
3,29
2,4,6,15
5,6,14,16,35
6,48
5,6,15
4,6,14
6,14,22,25
14,33
3,6,31,32,39
6,25
5,13
5,6
6,15,21
0
6,14,15,39
3,6,11,13,21,36
3,33
5,6,25,29,48
4,6,17,20
3,4,5,6
5,6
2,3,5,6,16,17
6
4,5,13
5,6,36,38
2,6
5,6,9,14
3,6,11,14
6
5,6,24
5,6,12,38,48
4,6,24
6,8,23
3,5,6,22
5,6,17,26,41
13,14,16,41
6
6,49
3,4,6,21,34
2,6,17,18
5,6,28
6,26
4,6,16,17
4,5,7,8,28
6,8,16,38
3,5,6,25,31
3,4,5,6,7,14,22,25
6,14,37
5,6,14
6,7,13,20
4,5,6,25
7
5,6,25
5,46
5,6,44
4,5,6,12,19,21
6,20
4,6
5,6,14,17,20,26
4,6
3,14,22
4,6
6
5,6,14,17
6,22,38
6,14,39
6,12,15,47
5,6,12,22,42
5,6,20
4,6,8,15
3,4,6,22,28
6,9,28
6,14,25
6,11,22
6,7,30
5,7
6
7,34
5,6,7,14
3,6,37
7,14,46
5
5,6,7
2,6,7,8,50
6,22,25
6,7,14,42
6,14,17
5,6
4,5,6,50
4,6,13,14,36
5,6,7,15,16,22
6,14,30
6
5,6
3,5,6,12
5,6
6,17
5,6,12,14,25
3,5,6,28
3,6
5,6,20,23
4,6,27
4,6,40
3,6,12,18
28
5
17
5,6,7,14
3,4,5,6
5,6,14
4,6,49
5,6,7,17,18
6,9
5,21
5,7,17,42
0
4,5,6,7,34,40
3,14,35
3,4,5,6,21
6,11
6,14
6,20,38
5,17,20,25
5,6,13,15
5,6,14
6,12,14,37
6
16
18,23,28
5,6,47,51
6
0
3,6,25
2,4,6,10,20
6,10,12,44
6
5,13
5,18,22,40
5
2,3,19,37
4,5,6,22,47,48
6,21,22
6
5,6
6
6,7,15,18
5,6,7
0
3,6,15,17
6,7,14,21
5,7,17,23
4,5,22,29
5,6,15,25
2,6,14,49
10
3,6,14,44
17,25
6,7,9,38
6
4,5,6,11
5,6,14,35
4,5,6
6,7,32
6,40
2,6,25
4,6,17
2,6,17,21,28
4,17,44
6,34,46
17,22,35
6,7
2,5,6,26
5,6,14
4,6,10,48
4,5,15,20
4,6
22,44,47
3
0
4,6,43
6,14,50
5,6,25,33
5,6,15,18,29
4,5,6,25,44,46,48
5,6,11,14
5,19,20
5,6,11
2,21
6,22,32,39
4,6
5,12,13,14,36,45
4,6,13,17,23,44
5,6,14,15
6,34
14,22
10,21
5,7,42
6,20,42
2,4,7
6,29,35
6,14
5,6
2,23,29,38,51
6,7,50
4,6,14,17,42
12
4
5,6,26
17
3,6,13
6,7,22,28,36
6,14,16,28
5,6,10,14,29
5,6,25
5,10,12,14,38
3,6,7,14,37,42
2
6,14,23
5,6,21,30
5,6,20,48
6,7,35
6,14,20,45
5,6,25
6
17,36
3,5,6,14
5,6
5,13,16
4,14
6
6,18
5,6,20,23
6,16
5,6,12,48
5,34
4,5,6
6
6,7,8,18,28
17
6,14,30
6,46
6,12,14
4,5
6,13,14,40
5,16,17,29
3,6,15,25
15,18,48
6,13,15,44
5,27
4,5,15,41
6,18
4,5,6,16,34
6
22
6,14
2,3,4,6,7
4,6,14,27
10,20
2,5,6,14,42,49
19
6,18,29,36
5,14,42
4,6,13,16
5,6,14
3,5,6,14,15,24,30,35,43,46
3,5,6,31
7
6,14,19,25,33
6,30,42
3,4,6
6,14,22
5,15
2,5,6
8
5,14,32,43
4,5,6,15,17
4,6,25
6
3,5,9
5,6,14,17,26
4,12,17,37,42,49
12
3,6,17,36
5,6,13,49
2,6,35
3,22
2,5,6
2,6,31
14,17,21,22,30
6,14
5,6,14
3,20,22,47
3,4,6
6,37,46
4,5,6,14,15,41
6,16
6,14
4,20
3,8
5,6
3,6,14
5,10
2,6
4,14
4,32,33,48
6,29
6,10,25,46
4,6
3,5,6,14,16,46,47
6,8,12,36
4,18,25,39,43
6,19,28,46
0
14,19
5,15,21,41
3,4,5,6,7
2,6
4,5,6,14,22
3,4,6,7
3,6
6,8
5,6,14,17
6,7
14,43
6,18,26
6,19
2,5,6,41,50
3,5,6,7,20,23,25
3,6,18
0
0
5,7,28,42
6,14,28,51
3,4
6
3,5,6,29,34
3,5,6,14,22
6
5,6,34
6,14,26
0
4,6,14,25,27,28
5,6,19
4,6,7,14
3,6
6
6,10,14
6,14,17,37,39
3,6,13,17,19,31
14,21,22,46
4,5,6,7,14,15,17
6,25
4,5,8,17
6,8,17,22
6,14
6
2,5,6,17,34
4,5,18,26,45
6,34
4,6,17,26
3,4
4,6,12,14
4,5,12,14
3,4,13,20,25
6,10,14
6,50
6,41
5,11,28
6,14,17,46
17,48
6,17
3,6,14
5,6,14,18
5,6,14,16
5,14,49
6,7,14,37
6,20
6,14
14
0
2,3,5,14,22
4,6,25
14,22,40
5,6,7,11
4,20,26
5,6,7,14
0
6,20,34
6,14,16,44,49
5,6,14,40
6,14
2,6,10
3,6,28,49
5,6
15
5
2,6,36,47
3,6,42
5,6,18,26
0
38
6
0
3,4,6
6,11,22
6,10
5,6,13,27,40
0
6,17
6,14,28
5,13,34
14,43
6,17,37
4,5,6,10,47
6
6,8,44
6,7,10,15,36
14,23,45,47
5,6,27,34
6,7,25
5,6,7,13
6,14,42
5,6,23,28
5,14
6,22,38
4,6,37
6,12
4,6,46,49
6,40
3,6,22,32,43
6,28
40
2,6,7
5,22
3,6,25,49
10,17,47
3,6,14
2,6
7,43
5,6
6,13,22
6,12,14,36,39
2,5,6,30
5,6,7,15
3
3,4,6,7,8,11,14,27
4,5,6,7
6,9,11,44
3
6,7,22
6,22
4,6,25
6,13,18
23
6,22
5,6,8,12,17
5,27
4
2,4,20
6
5,6,15,22,25
6,18,24,25
6,20,29
7
5,6,7,13,14
8,10,17,37
6
6,8
3,6,14
6,16
6,12,13,14,22,25
4,5,6,20
5,7,11,37,50
0
6,13,14,29
6,8,16,18,22
5,6,10,14
4,35
6,14,20
14,21
5,6,17,21,50
4,6,21,48
4,6,17
5,6
4,5,6,13,26
4,5,6,22
5,12,15,43,44
5,6,13,16
6,10,14,21,28,44,49
3,5,6,22,34
5,6,17,42
5,6,7,13,14
6,23
2,7,22,28
15,41,49
2,3,5,14,17,46,47
6,40
3,4,5,6
2,6,35,50
6,7,14,36,42
4,6,14,18,22,36,38
5,6,14,35
4,6,7,9,11,14,20
5,6,17
5,6
6,48
5,6,7,17,21,35
2
2,6,7
12,22
5,6,7,14,19
6,14,16,22
4,6,17,25,35
4,5,6,11,22
6,17,20
6
5,6,20
3,6,13,25
5,14,17,28,30
3,25
5,6,29
3,4,6,17,30
5,6,14,46
5,14
5,6,14,18,31
3,4,6,18
5,6,7
0
5,6,7,30,46
17
5,6,10
6,7
4,5,6,14,46
5,6,12,14
0
5,6,10
6,12,21,23,49
2,3,8,10,17,48
3
2,5,6,36,49
6,7,10,14
4,6,24,44
6
5,6
4,6,23,27
3,6,7
2,6,29
3,5,6,14,28
5,6,7
5,6
6,14
5,14,26
6
5,6,34
5
6,51
5,6
6
3,13,48
3,6,7,12,14
6,7,45,46
6
5,6,14,21
6,7,8,21,31,37
6,20
6,15,17
3,13,15
4,6,14,16,46,48,50
2,7
6,22
3,6,14,15,17,34,35
6,15
3,5,6,14,39
6,7,14
5,6,14
0
6,26
6,8,17,25
3,4,5,6,14,17,44
6,14,16,17,18
3,5,7,17,42
5,6,14
3,6
4,6,9,47
4,6,7,22,33
6
4,17,20,45
3,6,7
2,13,20
6,35,44
4,6,14,36
6,7,14,17,22
5,19,20
6,14
6,20
3,5,6,20,42
3,4,5,6,7
3,5,6,17
5,7,9,20
5,6,22
5,6,20,35
5,6,9,12,40
4,6,19,27
6,14,28,30
4,6,25,46
2,6
6,14
14,20,46
6,20
6,7,20,28
6,13,25
4
6,36,46
6,14,18,19,25
6,14
6,7,44
4,5,28,51
4,6,42
6,22,28
15
6,17,28
2,5,6,12
5,6,28
10,14
5,6,22
5,6,17,21,22,25
2,5,8,22
6,12,17,19,33
4,6,16
6,15,18
5,7
6,13
6,17,25
2
3,6,16,46
12
6,32,44
5,6,14,18,23
6,8,20,31,43
3,5,45,51
4,6,8,23
5,6,14,18,43
13,21
3,6
15
6,14,17,22,30,37
6
6
3,5,6,7,41
6,15,25
6,7,12
5,6,9,13,16
6,7,21,29,49
4,22
6,12,13,28
2,3,6,21
22
3,6,27
6,40
5,6
5,16,22
4,5,6,14,21,28,39
4,6,17,20,39
6
3,16
4,6,11,13,22
6
2,5,33
2,4,5,14,23
3,6,17,27
2,3,6,14
5,6,17,21
6,8
6,18,46
2,3,6
6,17
5,6
2,6,21,49
6
5,8,46
6,16,29
5,6,17
4,6,17,33,48
6,42
6,9,16,19,33
6,51
8
5,6
3,4,6,7
5,6,7,12
3,6,12,21
4,5,7
5,6
5,6,7,49
6,14,21
6,15,42
5,6,21
6
3,6,18
5,6,15
5,6
6,10,14,25,31,49
6,16,29,30
5,6,25,28,31,36,46
2,4,6,7
2,3,14,17,31
6,18
5,6,17,44
5,6,44
6
6,7,17,22,25,28
6,11,17,22
5,6,44
6,16
6
3
4,20
5,12,21
6,7,12,19,22,49
6,17,19,26
6,14
6,14,22
5,22
6,8,14,25,26,51
4,6,26
3,6,22,31,49
12,24
3,6,11,13,33,42
14,50
6
14,26
3,5,6,8,32,44,46
5,6,13,22
3,6,7,14,39
4,6,46
4,6,7,14,46
5,7,51
3,6,23,32,48
6,8,17
6,14,21,43
5,6,9,17
5,6,7,14
6,22,48
6,14
17
3,6,14
6,48
5,6,20,21
4,6,14,17,19,21,33
5,22
6,7,44
6,13,40,49
6,40
6,14,15
3,6,17,42
12
4,6,20
5,6,42
5,6,14,25,29,47
4,6,17
5,6,7,22,42
5,6,14,28
5
6
6,14
9,14,16
6
3,5,6,16,37
4,6
6,42
3,6,14,23,31,43
6,17
3,5,6
6,14,15,30
5,14
6,14
6,13,14,17
6,10,12
4,48
4,5,6,14,31,49
4,6,16,31
2,3,4,6,7
4,6,48
14
5,6,12,19
5,34
5,6,8
4,6,42
25
6,13
6,22,29
3,6,21,22
4,6,34,41,48
4,5,6,8,15,20
4,6,7
4,5,6,19
2,5,6,14,28
5,6,49
6,7,17
6,11,14,36
5,6,14
3,6,11,47
5,9
5
4,5,6
4,6,15,46
6,14
4,6,17,25
6,44
5,6,15,48
6,17
3,5,6,12,20,51
4,6
5,6,10,15,22,42
6,7,10,15
20
4,20,25
4,6,8,16,29
6,14,22
3,5,6,28,35
5,6,46
6,23,40
5,6,22,23,51
3,6,7,14,19,22
3,6,44
3,11,25,38,48
4,6,25
2,6,7,17,29,33
2,5,6,21
3,4,6,14,16
2,5,6,14,51
6,7,18,28,47
5,6,8,20
0
14,49
2,4,5,6,12,32
6,10,48
6
6,13,30,31,35,40
5,6,34
6,14,20,23,30,48
2,6,32,44
5,33,35
4,5,6,25
4,6,14
6,25
4,6,20
6,17,33
2,6,7,14,22,38
5,13,30,33
6,7,17,18,29
5,6,8,28
5
6,14,22
39,47
13,20
4,5,6,8,20,22
6
6,36
5,6,11,14,19,38
5,6,28
4,6
5,6,10,14,40
5,6
4,6,7,22,23
6,7,47
6,19
3,5,6,20,22
6,7
3,5,10,14,15
3,5,6,17
5,6,7,14
6,14
2,6,12,14,34
6,20
6,17,18,28
6,13,17,41
14,43
14,45
6
4,5,7,14,45
7,14
6,14
6,7,22,25,39,47,51
6,14,23
6,17,24
6,7
5,6,13,14
5,6,10
2,6,8
5,6,49
4,6,30,34,45,49
6,29
3,6,13,15
6,26
2,3,21
6
4,6
4,6,23,35
13,16
5,6,17,33,42,48
3,6,16,20,30
5
5,6,16,34
5,22
6,22,51
5
6,13,14
3,4,17,20,44
4,44
4,6,14
20
2,6
6,20,22
5,6,21
5,6,42
6,17
4,17,18
4,5,6,13
4,6,12,15,17
5,14
6,14,28,33,39,42,49
3,6,7,18,22,25,28,51
17,28,45
6,7,14,21
14,20,46
6
5,6,21
5,6,16,22
6
3
3,5,22
6,21
6,30,48
6,7,22,44
3,4,5,6,14
3,5,6,14,16
6,21
6
6,16,22,37
4,6,22,30,37
6,18,48
6,9,12,44,50
5,7,14,25,42
2,5,6,18,35
3,10,25
2,4,5,6,12,14,22
6
6,7,13,17
4,5,42
3,6,14,15,27
9,46
5,6,9,13
5,6,35
6,13,17,25,45
6,18,20,40
5,6,44
2,3,14,18,25,46
25,42
4,6,22,29
6,10,13
3,4,5,6,28,42
6,34
6,17,23,29
6,17,43
2,6,21
6
6,7,10,17,37
4,5,6,44
3,5
20
6,34
6,15,42
6,20,33,42
0
6
6,12,18
49
6,14,39
5,22,40
5,6,25,49
5,6
48,51
14,19
6,21
3,11,36
5,14,48
5,6
0
2,14
4,6,7,18,20
6,11,17,22,30
4,5,22
5,14,30,46
6
2,6,23,49
8,22
6,7,48
3,5,6,33,39
14,17
6,9,14,22,25
5,6,7,15,17,23
3,6,49
4,5,6,7,15
6
6,20
3,5,6
4,15,20,26
4,19
6,14,39
6,28,50
3,6,7
5,14,16,25,34,43
6,22
5,20
6,8,14
5,20
6,22,48
4,28
6,14,19,20,28
3,5,6,14
3,4,14,19,22
5,13
4,6
4,14,22
6
13,30
39
4,5,6,14
6,22
6,22
3,5,7,14,21,44
4,5,6,20,27,30,43
3,5,6
6,33
3,6,13,19,48,51
6,18,34
3,6,35
3
5,6
15
6,11,14,17
6,14
5,6,20,30
5,6,17,45
6,16,40
5,6
3,5,6,21,22,34
5,6,7,20,37
6,14,20,41
6,17,19,20,22
3,6,14
10,43,47
6,22
6,7,10,17,41
5,6,17
0
3,6
3,4,6
5,6,20
4,5,6
4,6,20
14,42
5,6,22
6
5
18,40
19,20,29,42
5
5,6,12,22
6,14,15,19,48
2,23
6
5,6,28
14
5,6,14,17,44
5,6,19,30,51
2,5,14,17,45
6,14,22
3,6,48
6
6,17
14,20,42
3,15,38
6,23
6,14
3,6,8,12,13,21
4,6,14,22
19
8,23,28
6,9,14,41
4,6,14,17,22,45
3,4,5,6
6
4,22,39
6,15
5,6,33
6,14,17,20
6,14,21
6
4,5,6,25,39
5,6,13,14,20,23,36,43
0
6
19
6,7,10,16
3,4,5,6
4,5,6,42
6,12,17,19,22,44
6,50
3,5,6,18
6,14
5,6,21
4,6,7
4,5,28,30,38
5,30
43
5,20,21,28
5,6,20,39,41
6,22
6,22,33
4
4,5,6,38
5,6,14,30
17,28
6
6,14,17,20
14,17,50
4,5,6,7,15,47
6,7,19
14
4,34
5,7,14
7,25,33
4,6
5,6
2,6
5,7,38
3,4,5,6,14,15,22,29
6,14,22,33
5,6,7
6
12,14,20,28
4,6,18,49
5,6,17
4,6,33,34,36,42
6,7,20,25,30
6,17,34,50
3,20
5
5,6,17,21
13,26,33,46
6,14,42,43
3,7,14,29
2,6,28,44
13,14
3,6,10,44
6,46
3,5,6,22
4,6,27
2,4,14
3,4,5,6,11,30
6,38
6,7,14
14,19,48
3,5,6
5,6,7,44
5,14
6,28,34,44
6,7,14,22,35,46
3,6
3,6,50
6,30,46,49
6
6,8
16,22,29
2,29
6
5,6,25,49
30,46
6,18,19,25
5,6,36
4,6,7,50
6,17,46
6,17,21
3,4,14,17
5,6,14
2,5,6
4,6,17
4,5,14,29
5,6,10,14,20
0
5,7,44,51
6,14
6,9,12,13
6,38
5,10,27,28,36
5,46
5,6,27
18,20
5,6,26
6,11,25
4,19,26
0
3,4,6,16,21,27,28
3,7,30,46
6
5,6,7,14,25,48
6,7
6,12,22
13,17
3,4,5,6,14,45
2,5,6,13,25
6,14
12,18,25
4,5,6,7,12,30
6,7,17,36
4,5,6,13,14,34
6,8,14
6,7,20
3,6,13,48
5,14,30,51
4,9,25,39
5,6,10,17
4,6,14
2,6,14
5,13
2,5,6,22,35
0
7,28
0
3,12
2,5,7,32,46
4,6,14
24,36
4,6,14
6,46
14
5,6,7,40,41
6,7,17,22
6,7,16,33,45
13,21,22,47
4,5,6,10,15
4,6,7,45
5,6,7,22,24
6,30
6,7,11,14,15
3,5,25,45
5,6,46
2,5,6,42
6
5,6,14,15
4,6,8
5,6
2,6,12
4,6,13,51
6,9,13
22
6,8,14,20,25,26,33,35
6,9
5,6,21,44
6,13
5,6,20,35
20,47
5,6
3,5,6,14,19
4,6,12,42
6,7,47
6,14
6,44
5,6,14,39,48
2,6,25,42
3,4,6,7,14
3,5,6
14,37
6,19,42
4,5,6,7,46
5,6,17,19,25
3,6,17,19,49
12
2,33
5,6,43,45
3,20
5
2,6,10,14,22
2,3,5,6,20,45
4,8
6,22,25,36,42
4
6,8,20,49
6
6,7,14,23,32
6,28
5,12,14
3,4,6,21
5,6,17
6,17
3,6,23
6,11,14
14,20
4,6
6,15,22
4,6,44
6,7
4,5,6,8,9,14,26
2,5,6,18,29
4,6,7
3,17,18
2,3,5,14,32
6,18
5,6,16
2,5,6,14,20,28
6,14
6,14,22
0
23
5
5,10,17
5
6,37
6
4,5,14
3,6,7,15,25
6,28
4,14,22,51
6
6,12
6,12
9,13
6,14,19,25
5,6,49
5,6,13,14
6,14,18
3,5,6,14
4,6,7,14,17,22
6,13
17,22,28,46
6,44
8,20,23,25
5,6
15,20
4,6,14,20,21,30,35,47
2,13
3,6,11
5
6,26
5
4,5,6,13,17,33
5,6,15,17
4
4,6,22,23,48
4,6,16,19,43
26
4,5,6,7,14
6,22
17,46
5,6,14
7,14
6,7,12,14
6,14,30,32
6,20,23
5,6
5,6,14,28
7,43
6,17,23
5,6,47
14,28,39
6
14
5,6,38
6,25
5,20,43
0
5
3,5,18
6,7,20
4,5,6,17,29
7,16,27,49
6
3,6,14,20,22,41
5,6,7,9,12,22,46
13,14,29,44
5,7,14
5,6,29
6,26
5,6,13,21
6,28
6,14,17,50
6,43
5,15,48
6,14
6
5,6
6,16,17,49
6
6,25
4,5,13
5,6,22
6,22
2,6,8
5
6,7
6,20
6,23
4,13,14
6
4,6,7,27,34
5,6
14
6
5,7,17,46
6,14,23
14,19,22
7
5,14,17,25
3,5,6,7,44
6,15
3,4,6,20,22
7,8,14,31
4,5,6,42
5,6,7,14,15,17,20
6,22,23,27
6,14,27
5,6,20
3,5,6,26
6,22,36
2,5,6,46
14,36
3,6
4,6,14
4,5,6,14,34,50
5,14,17,22,47
7,14,22,25
6,20,25
6,9,13,14,17,25,42
5,12
2,3,4,5,6
2,3,6,12,13,19,48
6,24
6
6
6,7
6
5,6
6,22
4,6,14
3,6,20
6,7,20
5,6,7,30
3,20
5,6,7
4,6,22
11,20,31
5,6,24,34
5,6,14,17,41
6
6,7,28,31,42,43
2,6,16
6,14,30
7
6,20
6,25,50
5,18,23,25
6,17
26,38
4,5,6,8,12,14,17
6,14,29
5,48
5,6,20,23
5,14
6,11,14,26
5,6,16
4,5,6
4,5,6
7,20
3,5,6,14,25
4,5,22
6,15,18,41,43,45
6,7,10,15,49
19,31
5,6
5,6,14,17,39
6,14,20
2
3,6,8,28
6,41
4,5,6
6,7,12,30,49
4,6,17
3,5,6,22
6,13
3,4,5,6,14,31,45
3,6,7,28,40
2,3,6,19,51
5
29,51
5,6
3,6,14,20
4,6
14,18,20,36
6,14,17,18
3,6,14,18
5,28
8,14,38
4,14,46
4,6,14,17
6,17,19,25,27
6,22,30,35,38
2,5,13,14
3,6,7
3,6,28,45
6,24,29
3,6
5,6,7,9,14
5,6,18,27
14,15,19,22,29,42,43
0
11,17,18,50
5,14,23,31,42
6,14
5,21,38
6,14,29
6
4,6,7
14,42
3,6,29
2,4,17,25
6,14
5,9,19,22
5,6,14,40,42
6
6,44
4,5,6,13,19,22
6,22
2,5,6,22,32
3,20
5,6,23
6
6,22
6
4,5,20
3,6,41
5,6,14,42
2,4,5,6,25
4,6,22,25,42
5
3,6,25,29
5,6,7,16,39
3,5
2,6,14
5,6,15
5,6,43
5,6,8
3,7,8,25
6,17
3,29
4,5,21
28
4,5,6,7,13,30
0
0
7,39,50
9,14,18,20,36
6,9,14
6,33
5,6,8,14
3,6,50
5,6,14,22,39
3,5,26
6,22,33,48
4,6,15,17,30,38
6,8,14,28,32,47
6,7,21,25
6,7,17
5,11,14,32,40
5,6,7,21
28
6,10
3,4,6,14
6,7,13,47
4,6,10,20
2,5,13,20
7,29
20,27
3,10,22
2,5,12,14,22
6,14
6,17,22
19,42
4,5
4,5,6
6,14,36,37
3,5,6,14,22
5,6,16,25,29
5,6
20
6,14
6,14,18,22,51
5,6,14,31
3,6,17,20
5,6,28
0
5,6,14
2,6,17,48
6,12
2,3,4,6,14,17
6,20,22,32
4,5,18
6,14,27
14
6,10,20,44
25,39
5,6,7,29,42
3,6,20,21,23,43
3,6,8
6,22
6
0
5,6,30
6
33
4,5,6,13,31
2,5
16
7
4,6
3,5,6,7
6,14,15,25
6,14
5,14
0
6,7,14
3,6,25
4,6,17,24,46
5,14,17
6,11,14,37
4,19,28
14,19,36
5,7,9,35
6,9,12,22
3,25,26,37,45
3,7
3,6,22
5,6,11,22,30,32
6
5,48
2,6,31,42,51
4,6,10,13,14,15,22,46
6,21
2,5,11,14,25
2,5,12,13,43
2,23,49
4,6,22,50
6,14,21
5,12,33
20
6,16
4,5,6,13
18
6,19,36
3,5,6,15,25,28
2,6,14,21,40
6,7,20,26
5,6,10,17,20
17
6,21,33
5,14
3,4,6,14
5,12,21,29,51
6,16
2,5,22
6,15,28
4,6,31,42
5,6,44
5,6,7,8,9,34
6,20,39
4,6
4,6,20,35
6
2,5,6,21
6,14
3,5,6
6,16
4,6
6,17,28
6
22
6,36
7,14
3,6
3,5,6
6,21,22
2,4,6,25,36
3,6
6,9,16,46
6
3,10,14,26
4,5,6,17,20,22,49
2,6,14,16,38
27
6
5,6
4,5,12,16,22,28,46
5,13
5
2,22
5
2,6,14
5,6,7,20
9,14,37
6,7,23,28
6,28
6,14,20
12,16,17,29
6,44
4,5,6
6,7,16,43
5,9,12
14,20,43
6,7,13,15
6,14,20,21
3,6,14,15,22
5,6,43
3
12
6,30,33
5,11
3,6,14,27
4,6
3,6,20,22,39
5,15
6,14,20,21,28,40,44
5,6
6,20,45
0
3,6
4,6,15
3,6,14,21
6
4
6,37
6,8,21
4,7,9,17
6,17
4,5,6
6,25
3,5,6,38
3,6,12,14
6,11
6,10,13,28,50
4,28
6,34
3,6,21,45
2,6,21,29
14,17
3,4,42
48
4,17
4,6,44
6
5,6,14,23
3,5,6,7,20
3,13,18,23
5,23,36
6,7,14,30,46
5
6,9,49
5,42
6,41
5,7,10,13,46
49
5,6
3,6,12,13
6
3,6,13,14,23,28
6,37
6
3,5,13,21
8,10,36
4,6
25
6,14,31
3,4,14
5,6,29,51
4,14,25,51
4,8
2,5,14
3,5,6,7,12
7
4,6
6,21
6,36
4,6,21,26,33,46
0
2,3,6,15
13
5,43
4,30
4,6,7,15,29,31,38,43
2,6,9,30,41
3,5,6,10,22,35
20,23,40
6,15,16,31
5,6,17,20
3,6
9
4,6,17,29
5,6,14,21
4,5,6,21,40
5,6,7,14
6,17,36,42
5,14
6,8
2,6,9,46
6
4,5,6
6
6,22,38,47
5,6,13,20,27
6,10,14,31
3,4,22
6,15,19
2,4,5,30,42,48
4,14,45
5,16,22
6,18,20
14,16
3,5,6,28
44
5,10,14,18,22,48
3,4,5,6
10,25
17,49
4,5
6,20
5,6,13,20,45
16
0
6
5,6
12,20
6
5,6,38
4,6,17
6,13
3,6,13,20,36
6
12,14
5,6
6,26
5,6,20,25,35
3,6,14,26
6
4,5,22
2,6,7,20
4,5,6,12,13
20,46
4,5,12,14,27,38
4,6,12,22
5,6,18
5,6,20
6,22,50
3,6,49
3,5,6,7,12,23,25,41
3,7,14
4,6,36
6,27,44
3,6,14,22
3,20
6,8,33,43
6,14
5,6
6,17
2,5,6,25,37
3,4,10,13,29
6,18,40,46
6,8,14,18,44
3,6,27
3,4,5,6,9
2,6,8
6,13,19
2,6,12,17
0
0
6,7,14
5,6,19,23
2,3,7,44
7
6
3,4,7,32
6
6,14
5,49
8,23
4,6,23,28,33
20
4,5,6,14
5
4,5,6,10,19,29,42
15,30
6,13,30,46
6,11,20,26
6,21
2,14,18,43
4,10,25
5,7,22
6,7,41
20,31
4,6,14,40
10,28
5,6,12,14
5,6,7,23
3,18,22
6,12
4,6,13,14,19
2,5,6,21,31
6,8
14
2,10
6,7,21,27,34
3,5,13,18,26
6,11
34
6,51
4,6,10,29
5
5,6,14,21
4,6
4,5,11
3,6,22,38
2,6,10,20,22,33
5,6,30,33
6,14,17
6,9,20,27,30
14,25,36
6,7,15,19,21,24,25
5
5
5,6,12
14
4,5,6,14
6
6,14,16,30
4,5,6,19
3
12,13,14,44
6,50
5,6
6
5,8,21
2,3
3,6,14,28
5,6
3,4,6,20
6,7,15
4,5,6,12
6,13
6,27,31
6,22,25
6,14
30
6,14,15,46
6,13
6
2,9,28,39
5,6,10,14,21
3,6,9
5,22,29
5,6,12,16,22,26
6,44
3,4,5
25,28
4,6,20,49
5,6,14,46
3,15
4,25
0
6,25
6,14
4,6,13
3
6,28
5,6,22
4,5,6,7,42
31
14
5,6,10
6,11
4,5,6,25
6,46
6,13,24,27
4,5,6,18,21
6,11,23
4,6,20,22
6,12,20,29,37
5,6,7,25,43,46
40,45,50
5,22
6,7
4,6,10,25,30
4,5,17
4,6,7,22
6,22
4,6,22,25
5,6,16
5,6,7
6,14,48
6,7,14,20,33,46
6
4,5,41
3,5,13,27,29
6,14,16
5,21,37,38,47,49
14
6,7,13,24
4,5,6,14
5,6,19
6
6
5,11
5,11,46
4,5,6,39,40
16
4,6,14,21,28,41
6,14,18
5,6,20,38
7,16,36,46
13
5,14,20
3,6
5,12,21,26
4,6,10,13,22,26
6,29
2,3,6,28
3,19
6,47
4,7,14,15,25
3,6,18,36
2,5,6,21
2,3,5,6
6,13,14,17,23,30
5,20,31
16,22,37
5,6
5,6,36,42
5,6,14,22
5,6
23
5,14
3,6,42
6,7,12,23
5,6,13,25
6,7,17,41,42
4,6,22
3,4,5,10,25
6,36
5,6,25,31
3,6,14,15
5,6
5,20
6,14
3,6
5,6,23
5,6,13
2,6,22
3,6,19,22
6,22
2
3,13,31,49
5,6,14,21
2,5,37
4,5,6,16,20
3,5,16,25
4,5,50
6,7,16,17,22,25,35,39
3,4,6,18,21
6
6,32
5,6,22
5,6,18
6,7,10
5,6,22,25
5,6,17
8,12,40,46
4,5,6
2,5,6,22,44
10,23,42
4,6,13,25,46,49
6,32
5,6,16,17
6,17
6,11,14,20,33
6
5,6,7,21
6,14,16
5,6,14,17
0
5,6,14,35
22
2,5,6,12,46
5,14,16,49
5,6,14,17,18,48
5,6,19,28
6,14,18,19
14,16,30
6,10,13,15,17,27,38
5,6
4,14,16
5,14,24,29
5,29
6
4,6,12,17
3,6,16
6,11
4,14,30
5,6,25
3,6,15,25
4,6,21,46
6,17,24,28
6,7,8,23,25
2,5,6,14,19
4,5,37
49
5,6,7,13,17
5,17,48
2,6,22
5,6,14
4
30
6,17,25
6,10,14,40
7,13
3,6,22
6,14,18,22
2,6,8,14,24
5,6,49
5,6,7,13,17
25
5,6,15
3,6,12,20
6,7,20
3,5,6,25
5,6,13
6,25,26
4,10,14,28
3
5,6,7,14,26
6,41
6,14,45
6,17,30,42
3,6,7,41
5,6,13,17,38
5,6,14,42,51
17,18,20,25
6,7,29
5,6,44
5,31
13,25,48
6
6,14,18,48
4,6,10,31
6
3,14,15,16,25
4,5,6,38
5,6,14
36
2,7,12,18
3,13,43
4,5,18,30
6,10
3,6
6,25
6,14
6
4,6,17
6,14
5,6
5,6,19
6,10,29
4,6,13
5,6,12,14,28,37
2,4,5,6,11
5,6,7,50
5,7,12,19
0
14,17
6,10,15
6,25
6
6,22,49
6,20,22
6,7
6,14,21,28
5,6,23,47
5,6
5,15
5
4,6,11,14,46
5,6,20,22
6,14,17,43
5,7,19,49
4,5,6
5,6,13,34
3,4,5,6,16
3,5,6,45
2,15
5,6,31
25
5,6,14,18
5,17,20,41
0
4,6,35,47
35,41
50
6,7
4,5,6,13,49
5,6,10,13
4,6
6,17,19
3,6
4,6,7,21,33
18,22,43
6,14
20,46
6,14,20
6,33
5,6,8,10,14,21,45,51
5,6
6,9,22
6,14,22
3,6,44
19,28
4,14
2,4,6,12,16,51
13
5,6,14,20,44
7,42
3,5,6,20
6,7,14
5,6,14
6,35
5,6,17
6
5,9,14
4,6,14,18
6,7,13,14,25
5,6,14,16,19,44
6,8,49
5
5,6,12,29
5,6,14
3,5,6,14
3,5,6,7,19,44
5,6,22
6,20
5,6,28
5,6
15
6,13,15,38
6
5,6,43
2,14,25
3,5,6,14,34
4,5,14,25,30,44
3,18,27
6,14,22,40
5,6,14,36
6
5
6,20,50
6
4,14,22
6,15,41
5,14,25
6,16,25,38
2,6,25,29,30,32
6
3,6,10,13
4,5,6
6
17,50
6
5
3,6,14
2,6,7
4,5,6,13
6,14,20
3
3,6,28,42
6,13,14,48
6,23,25
6,14,28,45
34
6,14,44,46
4,6,14,22
6,17,18
4,5,6,47
6,19,39,41
6,49
3,4,6,7,8,31
6,14
6,26,31
3,6,14,48
5,21,22,31
3,4,5,6,7
3,5,6
6
6,20,29,36
5,6,10,22
3
4,6,37
6
2,10,22,45
6,37
4,6,14
6,21,25,29
3,5,6,14
7,25,50
5,6,10,27
4,5,6,17
6,22,42
37
6,10
6,9,21
25
3,5,6,13,14,21,46
3,5,6
6
3,4,5,20,21,27,30,36
4,6,11
2,5,6,44
6,12,13,15
3,10,14
5
6,9,14
4,5,6,28
10,14
0
3,6,14,17,33,38
0
6,10
3,5,6,37,45
5,6,9,28,33,36
3,14
4,5,6
6,17,27
6,12
5,6,11,17,21,25,30,38
6,14
3,14,35,36,42
5,6,8,23
6
14,20,32
6,14
6,13,32,37,46
2,6,18,32,50
4,18,22
6
3,7,19,25,28
6
2,6,7,25
4,5,6
5,6,51
6,7,29,34
5,9,14
6
5,16
6
20,28
3,16,22
5,6,7,9,47
6,43
4,7,14,15,25
5,6,9,40
5
3,4,6,10,31
5,11
3,6,43
4,6,14
6,9,25
4,20
6
6,20
5,6,14,29,49
6,10
6,9,10,22,42
6,31
4,5,6
6
17
5,6,7,13,17,30,51
4,5,38
6,7,21
6,37
11,17,22
3,4,6
3,6,18,28,30,34,42
6
6,7
6,13,15
4,6
0
13
6,15,25,38
4,6,14,28,38
6,14,38,44,51
5,6,21
4,5,6,22
7,18
3,6
14,49
4,5,6,7,10,15,22
4,6,49
6,16,21,22
4,5,6,7,20
6
7,8,14,41,43
6,21
5,6,19
4,6
4,6,19,23,25
3,5
3,6,21,30
4,6,14
14,15
0
5,6
6,16
7,14
6,14
14,17,19
6,23
4,5,6,13
3,5,7,11,30
5,14,21,29,44
30,42
6,43
4,6,22
5,6,29
3,6
5,14,21,28
22,47
2,6,17,22
8,14
5,6,7,16,19,20
3,6,48
3,5,6,21
6
4,6,10,14
6
25
4,21,23,27,32
3,4
2,6
3,4,6,27,43
6,14
5,6,13,30,31
6
5,14
6,14,43
6,14,22
6
5,6
7
6,7
3,6,25
4,6,13,14
5,6,20
3,6,7,19,22
6,14
6,13,42
6,7
22
6,13,14,43,46
4,5,6,13,14
0
5
4,5,6,8,10
4,5,25
6
5,6
6,7,37
3,4,6,11,12,29
4,6,10,35
25,29,30
5,6,17,25,27
3,4,6,10,17,22
6,11,13,17,22,25
3,6,13,49
5,6,25,26,32,36
14,22
4,6
6,14,18
13,14,17
3,6
5,6,21,44
5,6,7,8,25,50
6,32,42
12,47
29,35
5,6,10,14,16
5,6
6
5,6,51
4,5,15,20,48
6,14,44
5,6,14,37
6,14
5,6,14
3,5,20
6,8
2,3,6,10,14,20,27
5,6,7,17
4,6,18,20
6,14,25
2
4,6,14,17,20,22
5,19,22
5,6,21,33,42
6
6,19
47
6
12,13,28
6,25
5,12,14,31,34,36,43
7,34
6
4,5
18
6,14
5,6,10,17
2,3,4,6,17,43
4,49
3,5,6,7
4,5,14,17,25
4,5,6
4,6,7,19,34,48
3,4,14
4,6,14,19
5,6,17,23
6
6,17
18
6,7,28
4,6,7,14,28,30
5,42
0
4,6,7,14
3,5,6
2,6,17
5,6,14
2,5,14,32
5,6,7
4,6
6,14
5,6,8,13
38
2,3,6,7,19,21
5,7,14,45,50
2,5,6,23
3,4,5,6,14,15,17,22
5
4,6,13,33
5,40,47
4,5,7,14,16,31
4,5,6,14,25,42,43
6,50
3,4,5
7
3,5,6
4,6,14
4,6,21
6,20
3,6,7
33
4,12
6,13,14,25,36,37
3,6
5,14,22,33
2,6,12
6,14,25
6
6,28
6,27
5,6,14,48
5,6,10,11,12,21
6,41,46
6,22
5,6,35
3,6,14,26
3,6,14
5,6,8,15,31
4,6,14,17,50
5,6,7
6,23
5,6,11,13,14,21
11,14
23
4,6,15,20,26
4,5,18,26
6,13,14,29
6,12,14
2,18,22,46
6,22
3,6,9,17,18
0
2,6,17,31,48
4
7,41
6,15,18,21
6,36
6,9,14,43
5,6,8,9,10
4,6,14
6,10,17
3,5,6,15
5,8
6,25,28,41
6,20
3,6,14,19,42,47
6,14
6,14,25,46
4,5,6,14,25,34
2,3,5,6,7,15
2,4,11,14,31
6,8,21
3,5,32
5,6,11,14,42,50
5,6,22
4
2,5,6,14
4,6,27,48
6,9,14
5,6,50
14,19
6,33
6
6,10,13,20
7
5,17,29
6,17,20,22
0
5
2,6,14,23,29,46
7,8,14
5,6
21,35
5,6,17,35
4,5,14,20,34
8
5,29
6,10,17
4,12,41
5,7,15,17
5,18,23,35
2,5,14,15,26
6,37,45
4,6,17,35
5,12
4,17
6,7,24,28,46
5,14
5,6,45
6,14
5,6,22
5,22,30
6,14
5,6,14,42
6,25
6,14,16,30
6,13,44
0
3,5,6,8
3,6,50
14,32
6,10,20
5,6,29
10
3,6,14,20
6,10,15,22,38
6,46
6
3,6,34
3,24
6,42
5,6,14,35
3,4,6,7,15,17,18,20
2,4,13,16,17
6
6,22,35
4,6,21,25,28
6
3,4,6
4,6,14
3,5,6,7,10,50
2,4,6,10,22,28,40
3,6
4,6,19,26
3,5,6,7
3,5,6,46
0
0
4,5,6,37
6,35,41,42
5,6,13
2,6,13
4,5,7,17,30
19,22
3,4,6,18
5,30,33,38,49
3,6,14
6,13
4,6,29
6,25,44
6,12
4
3,6,18,19,33,49
4,6,34,41
6,42
5,14,40,51
3,6,10,39
5,6,20,33,46
5,6,14,16,20,22,35
6,10,18,21,42
4,6,16,20,42
6
6,15,29
0
6,25
2,3,28,42
4,5,6,19
5,7,14,49
4,5,6,44
6,17
4,5,7,11,14
21,22,23,31
5,6,29
20,25
5,6,14,21
3,4,5,9,15,21,25
2,6,17,20,23,50
6,13,51
5,6,7,13,17
4,5
6,36
2,6,12,29
6,33
4,6,20,25,48
4,6,14
16,48
7,37
6,17,20,21
6,7,10,14
5,17
7,14,40
4,6,19
6,14,16,17
3,6,7,22
4,5,6,13
4,5,6
5,6,25
6,29,44
6,22
4,6
6,20
6,21
14
22
4,7,14,16,33
6,31
5,6,7,14,21,27,41
6,14,19
6,25
5,6,21
5,6,31
7,14,15
6,20
5,6,30,38
2,5
5,6,7,14,16,18
5,6,17
5,6,14
6,18,30
5,6,17,46,49
3,6,7
20
3,6,41
6,7,12,25
0
6,20,49
6,25,27,32,38
6,11,19,28,48
3,5,6
6,23,25
6,12,43
6
6
5,14
27
3,5,6,51
5,6
3,5,6,20,47
3,5,16
6,7
26
6,17,29
5,11
6,46
5,6,46
5,27
7,8,45,50
4,6,21
5,6,18
6,14,20
6,26,33
27
6,13,17,20,21,44
4,48
6,28,42
12,16
4,6,12,17
5,6,13,44
6,19
12,25,31
3,6,7,21,37
13
5,14
3,6,14
5,6,7,16
14
19,22,36
12,50
3,5,6,7,46
5,6,16,25
35
6,35
3,6,22,26
6,8,15,37
4,6,7,17,25
12,20
6
3,37
6,14,41,42
5,49
4,5,7
6,19
4,6,25
5,6,29
3,6,13,17,28,31
4,6,12,14
6,49
6,7,17,48
3,4,6,23
20
5,6,27
3,4,5,6
5,7,10
4,5,6
6,15,45
4,6,47
3,22,23
24
6,7,18
5,7,18,37,50
6,19,37
6,7,30,43
5,6,10,13,50
4,5,14,37,51
5,6,20
6,7,15,17
5,6
5,6
6
6,21
5,6,7,22
6,25
6
6,22
6,14
6,21
6,7,25,41
19
6,13
0
3,6
6,14,15
3,6,14,25
6,13,21
7,16,22
6,14,38
5,6,16
5,6,17
3,4,7,15,45,46
5,6
6,20,35
6
5,14
4,6,14,48,49
2,5,6
22
6
3,6,14
2,3,5,6,14,46
4,5,7,22,35
5,14,19
6,8,17
5,6,26
6,12
6,10,29
7,47
3,5,25,33,36
6,17,22
3,10,14
3,20,35,46
5,6,18,25,32
5,6,7
14
7
5,6,12,35,36
22,36
12,19
5,22,27
4,6,14
4,5,6,14,20,41,44,51
6,18,47
6,47
6
5,6
3,20
6,15,22,34
4,5,6
3,5,6,7,14,18,48
6
6,16
4,6,14,47
5,6,7,14,20,31
3,5,6,14,35
6,8,22
5,6,14,19
5,10,11
3,6,12,14
5,6,16,25,49
18,29
4,5,6
6,17
6,22
2,5,6,18,30
3,6,12,14,22
6,25,36
4,39
3,6,12,14,18,22
4,6,26,44
6,17,25,37
5,6,21,37
6
14,15,19,42
5,6,14,18,38
14
6,25
3,6,22,28
20
6,40
6,17,21,41
4,19
7,27,28,40
6,14
5,25,34
5
6,14,38
4,5,25,44
4,6,17
6,12,19,41
6,22,49
6,14,20,37
3,17,18,27
5,22
6,41,42
4,7,8,14,17,20
6,38
3,4,6,22,47
3,4,6,8,12,30
5,6,8
6,13,15
5,17,20
4,6,15,51
6,24,27,41,51
3,6
3,34
2,14,23
6,7,15
6,22,29,42
5,6,12,13,15,18
4,6,36
6,14
5,6,17,20,46
3,6,12,16,34
5,19
5,6,10,17
5,6
6,7,13,14,17,22,51
6
6
3,5,6,21,22,35
6,7,21,42
10,20,27
3,4,5,6,27
5,6,40
5,14
5,6,14,22
4,6,7,47
3,6,20,27
5,6,14,16
2,4,5,51
6,20
6,7,14
4,5,6,12,14
6,7,14,28
4,6,14,16,20,22
15,22
5,6,41
3,6,25,29,37
3,6,21
6,7,40
5,6,14,51
3,5,6,14
5,32
6,25
3,5,6,19,20,27,49
4,6
6,17
2,6,10,19
4,6,13,18,21
3,6
3,6,44
0
3,5,46
5,8,20
3,5,6,7,17,24
4,6,48
6,14,15,16
5,6,14,18
4
14,22
6,14
5,6,14
3,6,20
0
14
5
3,4,5,6,14,16
2,6
6,14,17,20
6
3,5,6,16,39,50
4,13,28
2,5
4,6
6,14,34
6,14,20
4,5,7,24
4,6,13,32,45
4,12,14,29
3,5,14,30
5,14,23
6,19,21,25
6
3,4,5,6,8,32
6
6,14
5,6
6,14,30
5,6,25
4,6,7,8,13,33
5,6,20,28
5,6
5,6,14,17,30,32
4,6
2,5,6,14,17
5,6,29
5,28
5,6,13,43
5,14,25
4,5
6,12
20
6,18
12,14
4,5,6
4,6,27,29
3,6,20
6,12,14,39
5,6,14,16,46
4,5,7,11,13,40
6
6,11,16
14,24,28
3,4,6,20,21
4,5,6,10,36
5,6,23
6,7,15,28
6,25
4,6,10,14,20
5,6,13
6,12,39
4,6,7,45
6,20,45
6
5
2,4,6,17
5,6,7,14,22,46
3,6,16,19,42
3,41
6,7
3,6,7,17
4,22,25,28
6,15,38
7,28,49
5,6,7,25
2,4,5,6,7,22
5,6,17
0
6,14,19,22
3,13
3,6,13,33
4,5,11,20,36
6,22
3
7,14
7,28
4,48
7,14,19,20,22
3,6,14,22
4,6,8,9,36
6,11,22,25
4,5,6,16,17,42
3,14
4,5,6,12,21
4,14,23,39
2,5,6,28
7,14,20,35,36
6,14,38,51
6,36
3,20
5,22
6,11,36
5
5,6,7,10,16,46
5,6,12,14,15,25
6,18,25,26
4,11,38
12,22,35
6,16,49
5,6,19,39
2,3,6,20,49
3,7,14,23
8,14
5,6,7,36,40
5,6,27
4,6,15,17,19
3,5,6,7
3,5,6,7,14,25,44
4,5,6,22,25
4,5,6,7,10,13,14,28,33
5,6,15,16,24
6,14,17,44
5,6,7
3,5,6,10,34
5,6,25,29
5,6
5,6,44
8,21,30,41
6,9,15,39
21
5,7
6,14,32
4,6,30
3,6,7,21,25,42
6,32,47
5,7,17,28,38
6,20
6,14
3,5,6,30
5,14,40,50
5,13,21,43
6,32
5,6,12
31
3,30,33
5,6,22
5,6
3,6,14
12,28,51
0
5,11,14,15
6,7,28
6,46
5,6
2,4,6,17,22
6,22,42
6,14,17
3,6,12,17,26,46
2,4,6,7,20,21
6,42
3,4,5,6
6,14,21,25
3,6,22,43
6
4,6,7,14,17
6,7
6,14
4,6,14,48
0
3,5,6
6,7,19,36
23,28
46
6,9,14
3,5,6,32,35
4,5,6,23,31
6,7,12,21,29
6,14,17,41
13,36
5,6,16,20
3,4,5,10,16,43
3,4,25
5,6,8,14,17,22
5,14,43
6,16,42
3,6,32
25,26
6,14,16,35
15
5,6
5,6,25
6,14,15
6
6,7,9,14
2,6,7,21,46
6,17,24,25,43
5,6,14,46
5,6,7,28,33
20,49
11,14,20
2,6,14,20
6
6,14,35
0
6,15,20,28,32
5
6
4
6,14,17,25
3,6,10,13
5,8,22,46
3,6,17,20,21
7,28,49
5,6,42
10,20,25
4,5,6,14,17,21,51
25
6,7,22,33,47
5
5,6,8,27,42,43
14
3,6,7
6,9,24,47
4,5,22,25,45
4,6,34
3,12
20
36
6,11,22
5,6,7,30,50
14,22
14
6,25
4,5,6,14,42
2,6
5,6
3,4,6,14
2,14,20
26,40
20
6,19,22,25
4,6,20,22
5,6,15,17
6,16,20,46
6,15
5,6,15
6,38
5,6
6,14,22,34,36
5,6,7,13,14,24,35,49
3,6,36
6,22
6
5,15
5,6,14,16,28,48
4,20
6,7,18
6,7,16
35
6,32,41
5,6,18
3,6
6,23
5,6,7,40
3,5,7
5,6
6,49
5,6,15
4,6,21,25
4,6,11,21,40
3,5,13,14
2,4,23,37
5,6,17,27,43
4,6,14,22,28,41,45,47
6,14,19,50
0
5,6,20
4,6,11,14,16,33
3,5,6,39
5,6,14
14
6,14
5,6,17,22,29
7,15,16,38
5,6,7
4,28
5,6,21,25,28
6
6,34
5,6,31
5,6,12,17,23
6,20,25
6,14,22,44
5,6,15,17,22,27
5,6,51
2
5,6,41
6,10
2,3,5,6,24,25,31
2,4,6,13,14,17,42
3,5,8,14,20
2,7,14
5,6
2,3,4,5,6,14,18,35,39
6,42
6,7
4
5,6,15,18
2,6,12,16
2,5,6
4,5,6
0
6,21
6
4,15
6,21
3,19
6
5,7
6,26
5,6,14,42
4,6,7,37,44
6,28,33,47
12,28
5,17,22,51
6,8,9,21,25,29
4,6,22
6,8
5,6
6,14
5,6,13,41
22,24,39,51
6,14,17,25,31,42
6,19
6,14,35
6,14,38
6,12,14
3,5,6,14,20,25
5,6,28,48
4,6,15
4,12,46,51
2,3,5,6,17,20,51
5,6,26,28
3,5,6
6,29
4,6
4,14,41
4,6,7,14,50
6
6,17,47
5,6,8,14,20,21,25
5,6,14,26,33
6,16,17,28,29
3,5,6,16
3,8,44
25,48
6,28
3,6,13,38,49
0
0
4,5,6
6,12,19
6,7
2,5,6,7,36
5,6,7,14,21
4,6,14
6,17,42
26
5,13,14,39
5,6,7,32,34
2,5,6
6,37
3,14,41
5,17
3,14,16
4,5,14
5,17
6
6,16,22,24
5
3,14,20,29
3,5,6,10
13,14,18
4,14,16,43
7,33,43
5,22
5,6
6,12,13,20,36,41
6,22
6,17,24,28
0
2,4,5
6,20,43
6
6,10,14
5,46
4,6,32,38
4,6,8,28,32,35
6,14,19,20
7,15
6,7
2,5,6,16
6,17,42
4,6,25
4,6
3,4,5,6
5,6,7,19,21
4,6,25,49
7,30,31,49
5,14
6,12,14,28,37,48
14,29
6,14,32
3,14
6
5,6,14
6,7,25
5
5,11,23
5,6,14,22
0
6,34
6,19,20,24
3,4,6,14
6,7,51
4,5,6,9,12,17,25
14,17,18,19,22
5,44
6,25
5,6,12,14
3,5,6,12
5,6,17
3,5,6,12,13,47
24
6,15,22,46
5,50
6,20,46
6,17
6,12,14,19,25
5,46
6,19
3,6
6
3,6,17,21,49
5,6,12,28
3,38
6
6,14,21,25
5,6,14
2,14,23
3,5
5,6
6,17
6
6,7
4,5,13,20,22
3,6,32
3,4,5,6,14,41
2,16,42
6,17,29
6,14,21,48
3,5
2,6,14
29,40
5,6,30
5
31,38,39,49
2,3
7,14,17,20,31
10,14,20,31
6
17
5,6,14,47
3,5,14
6,13,15
5,6,35
4,6,13,20
5,6,7,14,17,36
5,6,19
6,31
5,6,14
4,7,17
2,5,6,14
4,5,6,18,20
19,42
6,22,47
3,6,42
3,5,6,7,14
6,14,15,32
6,23,41
6,14
5,6,16,17,21,28,41,48
5,6,13,20,44
3,6,16,20
6,13,14,28
5,6,14
2,17,25
6,18
6,9
5,6,14,17,20,30,31
4,6
4,5,14,22,28,46
6,14,17,25
5,22,31,47
4,5,6,7,44,46
5,14,27
3,16,42
2,5,6,13,22,23,36,44
3,4
6,12
3,6,39
0
6
2,5,7,14,30
6,16
2,6,17,37,48
4,5,6,13,25,42
4,46
2,17,22
3,4,5,6,14,16
21
4,5,6,27
5
5,6,44,46
6
4,6,7,16,18,20,46
2,3,4
2,4,6
2,5,6,11,14
5,6,7,14
4,6,11,28
5,6,21
5,6,13,17,20,21
4,5,6,7
6
12,14,24
5,7,14,28
5,6,7,16,17
6,30
26
5,20,36
3
3,5,6,19,20,25,35
4,5,6,19
17,36
5,6,13,20,23,36
3,4,5,6
0
4,5,23,25
3,6,17,21,41
7,17,22,38
5,6
4,6,14,25,34
2,5,6,14,44
6
2,5,6,14
5,7,19
6,14,16
6
5,13
2,16,20
5,6,12,18,20,22
38
5,21,36
6,14,25,38
5,6,14,17
0
6,30,51
6,14,25
17
3,5,14
6,14,34
3,6,8,42
2,5
5,6,30,40
4,6,14
3,5,6,7,39
6,7,42
6,17
3,4,6,14,20,22
3,5,6,9,47
5,13,22,41
23
5,6,14
6,17,35
6,14,19,21,32
5,6,17,22,48
6,7,25,26
2,6,49
5,6,8,14,22,48
6,14,15,18,22,28
5,6,7,22
14,29
4,5,6
6,10,13
4
5,6,21
6,16,21,24
4,28
5
5,6
6
6,14,17,20,22,42
0
4,6,40
4,5,6,12,20,42
5,6,14,37
5
12
6,16
6,15
44
5,6
5,6,7,11
2,14,22,42
6,8,15,44
5,14,49
2,6,14
14,20,49
4,6,7,13,32
2,20
5
50
2,3,4,6
4,6,18,44
13,22,31
3,4,6
6,7,14
5,17
6,14
6,14
4,6
5
5,6,15,25,42
5,30
5,6,35
3,5
6
4,6,50
2,4,6,7,14,28
6,14,27
6,20,25,27
6,14,17,22
6,7,22
3,6,21
4,6,14,51
3,5,38
6,19
2,6,25,42
29
6,11,18
5,6,16
2,5,20,25,30,42
44
6,20,28,42
14,41
5,6,14,40,44
6,14
5,6
4,6
6,7
4,20
9,14
5,6,10,14,19,22,29
3,11
5,6,14,47
2,3,5,6,20
5,10,13,17
23
5,19
0
5,6,15,28
6,12,14,17,25,29,42
7,17
3,6
6,33,49
3,4,6,7,21,25,42
4,16,25
6,8,14,20
5,6,21,50
3,4,6,12
0
3,6,14
6
5,6,14,40
41
6,7
5,9,11,14,22
6
6,44
5,10,12,20
6
14
6,7
5,6,20,44
3,5,6
6,7,25,46
3,6
3,5,6,16
12,47
6,22,33
5,6,8,10,11,28
6,10,12
6
6,20,25,31,48
6,20
5,18
5,14
4,5
5,25
5,6,15
4,6,14,17,25,30,35
6,10,23
2,12
6,14
6,22
2,5,6,14,17
2,5,6,7,43
6,13,40
8
14
4,5
3,6,14,28
6,14,37
6,8,20,21,22
5,6,20
5,20,25,32
3,14,22
3,6,7,8,29,35
6,17,18
22
6,46
4,6,11,14
6,14,20,29,32
3,6,25,37
5,8,30
5,6,14
5,6,18,48
2,3,5,6,33,51
2,6
0
6,17
6,14
5,6,13,14,25
5,6,7,13,29,30,49
5,6,15,17
4,15,46
4,12
5,6
6,20
5,6,14,30,35
5,18
6,7,12
6,44
6,7,17
3,5
12,16,26
8,17
6
3,5,6,14,25
2,6,29,40,42
6,7,21,37,46
5,6,26
17,27
5,6,20,35
3,5,6,17
4,5,14,25
3,21,27,43
5,6,20,40
6,11,24,51
5,15,18,22,28,30
17,34,51
5,44
2,5,34,35
3,4,6
7,11,28,37
5,6,14,22,28
3,19
6,14,24
6
0
6,14,35
5,16
3,11,44,51
4,5,6,8
5,6,12
5,6
18,23
6,27
22
3,7,21,39,49
5,6
5,9,13
3,5,6,30
5,6,31
6,37
5,6,9,12,20,25,28
5,6
5,17
4,6,26
2,6,7,8
6,24
5,6,10,42,46
6,22
3,5,6
6,9,14,15
4,13
5,6,8,22,46
5,6,35
5,6,7,23
6,13
6,23
4,5,7,14,18
5,20
21
5,14
0
2,3,6,45
2,6,12,17
3,4,6,25,34
3,6
4,6,14,17
6
6,14
0
5,6
6,13,14
6,17,21,23,31
6,18
3,11
3,5,14
5,25,32
6,8,14,22,44
3,6,17
6,7
4,6,37,47
3,12
5,6,14,19
5,6,12
6,11,21,30
4,6,12,22,29
4,22
5,6,9,20,21,22,46
6,30
5,6,19,20,35
6
5,6
14,24,40
4,5,6,14
5,6,7,41
14,45
6,17,19,41
19,21,33,34
4,5,6,14,25,35,51
20,29,35
3,4,6,20
9,10
6,25
14
4,6,8,9,16
6,12,14
5,20,48
44
6,14,46
4,6,9
4,5
6,7,14
5,6,25,46
3,6,14
2,5,6
42
5,6,26
2,6,17,34
6,42
3,14,22,29,42
4,5,6,7
5,6,21,25
3,17,23,26
5,6,7
25,31
6,13
2,5,6
6,12
3,7
6,21,34
5,6,17,34
6,13,14,41
6,7,14
6
3,6,8,14,17,22,25,27
6,49
2,6,21,27
7,14,18,22
13
6,12,16,24,43
2,5,25
5,6,14,33,43
5,6
5,6
5,6,8,11,14,16,18,46
21
4,6,26,48
3,4,5,6,7,17,47
8,13,14,22
6,17,22,25
6,22
6,7,11,28
3,10
6,14
3,5,6
6,12,26
5,6,28
6,14,33,36
2,5,28
5,6
6,22
6
5,29
5,6,10,26
5,6,22,26
5,6,7,16,46,47
3,6
6,15
6,14,16,17,21
4,5,6,46
6,22
6
4,5,6,19,20,25
0
6,20
44
2,6,17
4,6,20,28
13,14,17
5,6,12,17,18,42
4,6,7,11,12
26
5,23,49
6,25
6,7,14,42
5,6
3,5,6,9,14,18,25,40,41
5,19
5,6,10,13
4,6,7,14,17,38,49
3,4,6,7
4,22,28
4,6,12,13,19,46
6,46,49
6
2,5,6,12,37,43
0
3,5,6
6,32
3,50
4,5,42
4,5,35,39
6
4,15,29,49,51
5,6,17
7,12,13
5,6,22,40
4,6,14,22,25
6
5,27,28,29
7,16
4,6,7,14,18,48
4,5,6,40
4,5,6,13,49
6,36
17,19,35
4
5,6,13,14,48,49
3,5,6
4,5,7
3,5,24
6,27
5,6
6,8,14,17
5,6,10,31
4,6
4,5,6,14,21,23,32,44
6,17,41
26,35
5,6,7
14
4,5,18
5,13,31,34
6,14,20,21
6
6,14
6,18
3,14
3,5,6,7
6
5,6,14
28,43
6,41
6,14
4,6,17
6
4,5,6,22
5,6,14
4,6
0
6,7,46
6,7,20,36
4,6,13,14,21
4,14
6
21
5,29
2,13,19
2,5,6,8,21,46
3,6,12
5,6,15,25,49
7,29,35
12
6,31
6
25,30
6,18
28,32,47
5,17,20
6
4,13,21,29,36
17,29
5
5,6,7
14,43,48
5,25
10,14,44
6,12,18,27
6,7,22
6
12,21,46
6,12,14,17,22,29
6,14
4,6,14,19
3,5
23,39
10,20,35
0
2,6,7,11,14
6,13,24
6,41
5,6,7,28
6,25,46
4,5,7
6,16,40
4,5,14,19,22,49
6,14,42,49
4,6,12
5,8,28
6,19,25
6,13,15
5,23,30,42
3,5,6,15
6,19
12,17
6,7,20
4,13,22,46
6,47
5,6
3,5,6,20
5,6
5,6
6,14,39
5,17,28
5
6,20
4,6,28
6,19,38
6,20,26
11,19,28,33
6,28
6,25
6,10,14
5,6,14,16,25
46
5,6,14,17
3,6,31
6,14,15,17,21
3,20
12,14,34
5,6,15
14
4,14,19,22
6,12
4,5,6,22,28
4,5,6,24
5,6,27,48
2,6,7,41
6,15,25
6,45,47
5,6
4,6,17,22
14,17,20
2,3,5,17,21
5,6,20,36
4,6,14,15,21,37
2,4,5,45
3,5,6
3,5,6,17
6,14,48
5,6,31
6
5,36
6,42
5,6,7
2,6
6,28
6,43
5
4,6,7,14,18
6
5,6,31
6
6,21,38
42
3,5,6,12,19,33
4,6,7
6,9,22,35
6,20,21,29
4,6,14
5,6,10,43
4,5,6,7,12,28
6
6
3,22
4,7
10,13
3,6
6,14,16,34
5,6,25,42,48
3,5,7,22
3,4,5,6,7
6,7,14,43,50
5,6,7,14,38,49
6
5,6,22,30
5,7,21,41
6,14,42
3,4,5
4,6,20,25,44
6,13,14
6,23
7
4,14,22
2,4
6,7,17
6,13,14
5,6,17,46
5,6,42
4,6,38
26,42
5,28
5,6,14,22
21,50
7,42
5,8,10,42,51
6,25
5,6,28
4,6,24,28
6,11,14,21
6,45
4,6
6,17,25
2,6
4,14,38
5,6,10,16,39
6
3,49
5,6,17,42
6,22
4
3,5,6,20,42
4
5,6,15,20
4,5,7,10,17
6,17
5,19,27
3,5,7,24,29
2,4,6
5,11,12
3,6
0
3,4,6,20
2,6,8,14,18,28
6,14,20
5,6,28,41
4,18,19,25
3,5,6,12,20
3,5,6,42,43,50
6,17
4,7,17,20
6
5,6
2
5,10
6
14
6,20
6
2,5,14
5,6,14
6,14,42,46
4,6,7,39
3,14,42
7,19,22,38
3,6,44,48
5,6,29,42
6,41
3,6,14
5,6,15
6,13,37
3,4,22
5,6,14,45
2,6
5,6,23,38
2,6
5,17,28,50
5,6,17,29,43
5,6,9
4,5,6,22,27
4,6
5,6,20,22
4,5,6,10,45
4,7
5,41
6,10,15,38
3,6,7,13,22
3,6,12,22,39
9,19
5,6,13,14
6,14,42
6,12,14
5,6,14,17
5,6,7,15,20
2,5,28,33
6,21,47
6
4,5,6,42
4,6,7,30
6,10
5,6,22,49
7,17,31
6,14,39,42
14,50
8
2,3,5,6
4,6
17,39
5,46
6
4,6,7,25,28,34
3,5,33
4,5,11,14,48
6
5,6
5,6,49
3,5,6,7,14,41
6,30
4,6
5,6,12,22,40,41
6,14,20,49
5,14
6,7,22
2,4,5,17,48
6,31
5,11,17
6,14
6,14
6,17
5
2,6,18,20,48
5,6,25
6,9,21,24
3,5,6
6
5,6,14,46,48
6,41,51
6,14,20
5,34
6,14,16
5,6,22,44,48
3,6,16,19,29
6,48
5,6,14,51
2,5,19,23,27,47
0
6
6,21,46
5,6,9
6,18
5,6,14,19
5,6,12
4,5,6
5,7,8,11,17
4,17,26
17,37
5
5,6,24,34
6,18,32
6,14,22,44
23
6,10,14,23
2,6,14
6,10,35
6,8
3,6,12,39,45
6,16,26
4,14,44
3,5,6
6
5,39
3,13
6,14,20,21,41
3,16,25
16,31
17,32
4,10,22,27
6,15
6
5,6,13,18,20,22
5,22,33
5,6,20,22
6
5,6,7,45,48
6,14,22,28,49
3,6,14
5,6,13,33
44
6,13
4,17,22
6,13,14,19
5,14,22,35
4,24,28
6
5,6,13
6
6,22,35
3,6
12,20,28,41
3,5,6,14,46
4,5
2,36
14
6,7,14,21,33
5,6,22,36
6,13,21,22,28,35,44
3,6,16,29,40
4,6,22
14,17
6,19,22,29,38
4,5,6,12,20
4,5,6,7,13,30,38
5,6
3,37,44
4,5,10,22
6,8
3,14
0
5,14
6,17,26
6,23
5,6,16,17,19
4,5,6,21
6,7,9,17,31
4,5,6,7,27,47
5,6
3,6
6,16,27,41
6,15,28,36
6,15,22
5,7,14,17
4,5,6,12,17,31
2,4,8
6,21
3,5,6,14,42
6,14,17
4,6,14,22,25
7,10,40
5,14
5,6,41
2,4,5,6
6,16,31
6
5,6,17
6,31
8,22
5,6,17,28
5,6,14,18,51
5,6,14,18,20
6,16
6
6
21
5,6
2,5,6,17
6,7
4,6,15
5,14,29
2,4,5,6,15,17
6,20,22,25
6,11
2,36
5,6,12,20,38
3,6,16,17,19
4,6,9,14,20,27
6,7,14,21,37
6,14,21
6,7
2,22
6,7,36,46
4,14,27
6,16,20
6,51
6
6,7,49
5,6,7,49
3,5,6,14,20,51
6,13,14,30
5,6,14,20,30
5,31
5,6,14,42
5,6,11
4,6,17
4,5,6,7
14
5,14,30
6,13
4,17,21,46
5,6,7,16,35,40
5,6
6
6,31,44,45,46
5,14,19
5,10
6,18
6
4
6,9,17,22,25,35
6,19
3,20
2,23
3,6,14
5,6,20,22
4,5,47
6
6,18,22,50
6,11,17
3,10,20
6,37
6,14,24
19,20,25,40,43,47
3,25,45
6,25
2,3,5,6,15,20,46
6,14
4,5,6,12,25
6,17,20
14
4,5,6,12
2,7,13,28
6,17
6,20
6,7
4,5,6,14,44,46
6,16,33
6,23
0
0
6,9,14,17,28,30
4,6,29
2,34,43,47,48
0
6,25
2,6,7,21
5,24,28,40
6,14
5,6,7
2,4,5,6,16
5,14,20,50
6
5,6,21
4,5,14
0
6,14,15
4,5,6,19
5,17
14,21
0
4,6,7,26
0
3,6,8
6,20,26,51
5,7,14,20
3,5,6,21,26
6,15,42,49
5,6
6,17,20
5,6
4,13,14,16,20,37
47
6,22,23,42,49
5,32
5,13,17,22
5,6,21
6,14,20,22,28
3,6,7,17,51
4,5,6,7
2,3,5,6,43
3,6
5,6,7,37
15,32
6,50
2,3,21
5,6
4,6,15
5,6,22
6,14,29
5,6,14
3,6
5,6,20,45
4,6
6,8,17,39,41
6,12,23
4,6,10
17,22,39
6
3,5,6
17,23,34,38
3,36
4,5,6,13,14,19,25,35
6,7,14,18
5,7,9,25,27
5,13
33
4,40
6,23
17,21,42
20
5,6,25,33
2,3,20,39
5,6,16
14
5,7,17,21,29
6,7,21,32
5,6,7,14,15,21
6
6,14,25
5,6,32
6,12,21
4,5,6,12,17,46
20,38
18
5,6,14,37
6,41
2,19,29,35,45
6
3,5,6,14
5,6,17,20
3,6,44
3,6,13
4,14
6,7,12,42,50
6,19,34,36,43
6,20
3,6,35
6,15,21,25,28
4,5,14
6,7,12,14
3,6,20,41
6
6,11,19
5,6,38
14,17,18,20
5,6,41
6,14,18,42
2,20
5,8,11,26
6,13,25
6,14,43
6,24
6
5,6,13
5,50
3,13,14
6,14,21
5,6
2,7,10,17
39,51
3,4,6,14,42
5,6,34
6,7,14
17,20,37
4,22
5,6,11,14,22
6,13
6,25
5,6,7,10
5,6
6,25,26
6,14,25,46
6,14
4,14
6,22
6,14,20,22,28
3,6,7,10
14,24,42
5,6,13
6,14,42
6,13
6,14,32
5,6,14,42
3,6,17,28,42,47
6,10
3,12,16,25,28
4,6,7,13,14
3,6,14,49
5,6,18,24
5,6,10
6,7,47
6,22,48
6,20
4,6,17,22,25
6,22,33,39
5,6,11,14,30
5,6,21
3,23
0
0
6,21
2,4,6,10,14,24
3,6
2,14,22,29
12,22,42,48
6,20,33
5,22,36
4,5,6,7,17,28,46
25
5,6,28
12,25
0
5,6
3,5,6
3,17,21,31
3
3,6,25
6,13
11,14
6,17,34,41,42
6
5,6,13,16
20,28,34
2,6,7,17
5,6,20,36
6,14,20
4,6,9
0
6,12
3,5,31,39,47
5,6,16,23,34
5,6,17
6,14,18,21,42
6,13
3,4,6,43
5,6,14,21,35
5,6,12
4,5
3,5,6,12
11,45
17
5,6,15,17,19
5,6,28
2,6,19,25,47
5,6
6,48,51
5,8,17
6,38,49
5,6,12,23
4,5,6,45
4,5,6,28,29
6,29
2,7
3,5,21,36
7,12,17,21,25,38
6
6
17,19,31,42
5,6,22
6,7,19,36,42
5,6,14
6
3,6,7,38,46
5,17,43
6,14,21,28
6,11,21,48
5,23,47
8,22,40
6,16,20,42
5,6,12,13,14
5,6
5,6
4,5,6,32,50
5,6,15,20,23,26,44
6,14,20,28
4,9
33
6,7,12,13,17,28,42
0
5,6,13
3,4,5,6,22
28
6,15,51
11,12,14,15,25,32
3,4,5,6
33
6,44
6,24,26
5,6,38
6
6,51
3,6,12
5,6,21,42
3,6,20
5,17
5,6,7,22
4,6,7
6,16,30,38,47
6,18
4,6,7,12
6,19,22
2,14,48
3,6
3,4,6,7,14,21
4,5,6,17
6,17
5,6,14
6
3
3,6,7,14,18,19
17,22,31
0
4,6,19
4,6,12
4,5,6
5,6
0
3,6,23
2,6,7
6,14,39
3,4,17,42,48
6,14,19,29
3,5,6,46,48
12,13,22,44
20
3,4,5,6
38
6,20,33
2,6
4
3,6
14,17
6,14
5,6,21
5,6,7,17,18
5,6,7
6,14,17,25
3
4,6,14
6,7,22,25
5,14,17,28
7,16,18
6,14
6,29
5,6
5,6,11,26,32,48
6,17,43
10,16
6,14,40
2,5,6
4,5,6,12,22
5
2,6,14,32
4,5,6,19,27
4,6
8,13,22,39
3,5,6,10,28
4,6
5,31
3,4,6,13,20,22,28,43
4,5
3,5,6,12
7,13,15,44
14,46
6,14,27
0
6,9,23
6
5,6,14,25,42
46
5
0
6,20
4,6,17
4,5,6,10,35
5,25
5,37,38
4,6,23
3,5,6,15,21,25
5,6,10,14,17
3,6,28,30
6,21
3,6,14
4,8,13,19,31,48
5,6,25,29,42
6,27
3,12,22
6,14,41
4,32,48
0
3,5,6,21,47
6,8,19,42
17,25
5,6,20
4,6,51
6,8,22,36
5,6,29,46
5,26
6,20,21,45,48
5,6,7,14,27
2,5,6,7,20
5,6,14,20,42
5,18
5,6,7,17
5,6,14,20,23
6,7,40
6,12,14,40,51
3,4,38
5,14
5,6,7,22
6
6
5,22
2,3,22
19,20,21,48
6,14,22
6,14
2,4,6
4,6,9,21,41,47
5,13,46
5,6,11,14,19,23
4
5,7,17
2,5,10,20,49
3,6,22,36
3
2,5,6
2,6
2,5,6,20
0
4,5,6
4,6,7,14,43
26
6,44
3,6
4,5,6,29,48
0
5
3,4,6,14,16,20,22,25,47
14,32
2,6,14
2,6,14,25
4,5,6,8,14
4,5,6,14,28
4,5,7,20,22,49
6,12,20
4
6,7,11
6,13,22,23
5,6,15
5,17
11,14
5,27
3,6,14,32,42
5,11,32
2,5,6,33,50
6,7,22
29
5,6,14,22
5,6
5,6,17
3,5,6,7,18,26
4,5,6,14,22,26
4,6,25,48
3,5,10,12,23
6,27
6,46
4,6,15,17,20
5,6,22
6,14,32
6,14,23
6,25,38
6,14,15,42,44
5,6
6,17,23
5,6,14
6,14
3,4,6
4,5,14
2,6,14,34,35
6,25
3,6,14
5,6,17
6,38
6,14,17,44
6,7,13,14
2,3,5,6,8
2,5,7,40,49
3,6,12,14,22,23
7,12
6,14
3,6,25,29,34
6,19,20,26
3,6,19,26,27
5,6,14
6,12,17,19
6,30,46
3,5,6,20,22
28
2,14
4,5,6
5,6,22,27,33
6,26,43
5,6,13,41
6,7,9,11,29
5,6,8
19,33,48
17
6,7
5,20
6
8,14
6
4,5,6
6,14,25
9
6,29,49
12
0
5,6,9
6,14
3,5,6,39,40,48
5,6
5,6
3,14
6,17,33
26
3,5,6,13,14,32
3,7,25
6,17,23,24
5,6
3,4,6,7
6
4,5,14
5,6
2,5,6,16
2,15,22,51
17
2,4,6,36
14,34
3,11,14
5,12,28
6,20
4,5,6
5,6,14,20,22
4,10,13,19
5
4,14
6,8,18,23,42
5,6,14,27
2,3,6
3,6
6
5,6
14,43
6
5,23,44
3,5,6,12,26
6,15,30
5,6,14,17,44
3,6,10,17,20
0
6,17
0
3,5,30
4
5,6,10
4,6,11,16,25,29
5,6,14
5,6,14,22
5,43
2,4,5,6,22
0
5,6,13,36
3,6
2,15,21,37
2,4,6,18,29,35
3,14
6,14,34,47
7,14,22
4
5,6
5,6,19,25
6,22
4,5,6
6
6,43,46
6,12,13
6
3,31,34
49
6,7
14,15,16,25
12,17,22
6,23,25
5,6,7,22
2,8,31
3,6,20
5,6,23,29
6,17
2,14,21
12,14,44
5,8
12
2,3,7,30
4,41
6,10,23,25,35
17,27,28
6,14
4,14,20,22
4,5,6
6,14
14,26
4,6,13,21,25
20
6,12,14,25
6,14
6,43
4,6,7
6
5,6
6,18,19
6,14,28
4,6,19,20,33
4
2,6,22
5,6,8,28,34
5,6
6
6,7,49
6
5,6,14,16
2,6,25,37
3,19,47,50
18,25
6
4,5,6,9
3,6,11,15,19
4,6,38
13,17
6,17,18
5,6
13,17
3,6,14,19
3,30
7,16
5,6,7
0
2,47
3,25
12
5,14,20,33,43
5,6,23
3,5,6,14
5,14,38,40
6,7,20,22
5,6,7,14
3,5,6,22
6
6,25
6,14,17,41
5,14,21,25,33
5,6,25
5,6,22
6,37
5,6,19,29
4,6,42
5,6,13
6,12
6,13,17,46
6,14,16,28
4,6,14,38
6,11,15,22,25
6,10,35
6,8,12
6,9,12,13,33
6,14,17
3,5,6,16,17
4,6
14,22,51
4,6,21
2,4,6
6,13,14
6
14,35
6,9,32
5,6,25
3,5,6,22,25
6,19
14
6,28
3,4,6,14,41,46
4,5,6,9,14,20
3,6,11,16
6,7,18,22
6,29
5,6,16,33
2,4,6,13,35
4,6,22
5,6,20,26
5,6,14,20
2,17,23
6
6,16,22,30
4,6,7,17
4,5,6,22
6,17
6,40,41
6,22,26
3,4,5,6,16
4,6,29,36
6,33
14
4,5,6,7,22,25
7,9,14,19
4,5,14
2,4,5,6
6,11,35
6,45
2,6,15
6,14,48
6
6
6,14,27,33,35
5,6,13,19
5
6,32
4,5,6,15,17,18
6,26
5,6,13,45
21,23
6,14
6,14,18
6,12,17,22,27,31,41,43
6,14,49
5,14
6,14,28,30
3,6
6,10,11
5,6,16
5,6
5,6,15
5,6,13
6,7,22,33,35,42
2,6,18,38
0
6,10,13,49
4,5,22,45
5
3,6
5,14,20,28
4,6
3,6,29
6,7,10,13,17
5,21
5
5,14,22,35
22
2,3,6,21
5,6,12,14,25
6,13,29
5,6
5,6
5,6,14,16,36
6
4,7
5
5,6,46
4,5,6,17,33
5,6,7,22
0
6,12,22
6,33
5,13,17
6
6,37,46
7,10,14,15,26,28
6,14,43
6,12,20,28
4,14,17,25
4,5,8
3,5,8,41,42
4,8,14
3
5
3,6,22,25,45
29,43
2,5,6,9,14
4,5,6,12,17,27
6
19,22,41
2,6,22,30
6,42
6,10,14,35,42
2,6
6,7,49
6,13,45
6,22
15
6,14
6,16,19,26,41
5,6,25
4,20,22
6,7,17,37
3,5,6,14,19
3,6
17
22,42
7,8,12,22,38
4,5
4,5,7,10,22
6,7
6,17,42,46
4,5,6,19,44
5,6,35
4,5,6,10,24
5,6
4,5,6,33
6,13,21
23
5,33
6
8,17,29,41
3,5
6,13
4,6,7,25
6,14
6,14
6
5,6
5,6,13,17
5,14,24
3,4,9,12,14,17,20
48
22
6,39
4,5,8,10,31,49
5,6,14
6
13,14
4,5,8,20
5,6
6,7,12
0
4
5,14,18
6
6,11,25,46
3,6,10,14,46
5,6
19,20,28
3,5,6
6,7,40
6
6,12,14,22
5,6,14
5,6
4,6,14,38
6,13,26
6
5,6,18,29
5,47
6,14
48,49,50
3,6,14,44
5,7,12,27,42
5,6,12,14
5,6
6,14,22,30
6,25
2,5
5,6,11,37
5,6
6,7
6
6,45
3,6
4,6,14,17,18
5,6,14,42
4,6,8,23,27
6,14
6
5,6,21
10,14,19,21
6,36
6,12,18,22,23,25,42
4,6,7
3,6,30
6
3,6,22,23,26
5,8
3,5,6,10,15,17,18,28
10,14,27,43
6,7
6,12
13,17
6,13
6,12,14,17,24,27
5,11,33
5,6,13,19,25
6,19,35
0
6,14
6
6,12,47
6
3,5,6,30
5,6
3,6,11
2,6
6,14,22
17
3,6,17
18,42
6
5
2,20,30,33,38
4,6,7,12,22
5,6,20,25,47
3,5,6,21
4,6,7,47
4,50
6
6
6,10,30
6,21
5,6
6,22
4,6,14
5,14
5,6,18
6
2,3,5,14,25
5,20
14,15,48
5,6,7
33
6,23,25
6
4,6,14,23
4,5,8,25
2,6,10,14
6,12
5,6,23,35
23
6,14
4,5,6,30,46
3,6
5,6
6,15
6,25
3,4,14,19,36
4,6,17,20
7,46
6,7,10,16,17,26
6,19
12,15,48
6,35
5,6,14
4,5,21,44,49
6
0
6,27,36
6,7,14,26
6,20
5,6
4,6
5,49
2,3,5,17
6,14,50
14,27,30
5,6,10
4,6,11,21,26
16
5,6,7,21
6,16,18,22
6
4,26
3,5,6,21
6
14,22
6
6,24
5,6,14,15,25
5,6,38
5,6
3,6,11,13
6,30,38
4,5,40
6,10
6
5,14,20
2,3
6,7,16
3,4,6,12
27
6,14,20
47
6,14,20
6,9,27
6,33
6
5,6,12,18
3,5,6,7,51
5,6
5,23,39,41
6
0
2,5,6
6,22,45
30
5,9
14,25
14
3,29,45
6
5,6,7,16
3,4,6,17
15,22
5,6
6,17
5,6,48
6,14,18
25
4,6,19
6,14,25
3,21,29
5,6,14,22
6,13,14
4,6
4,5,6,20
5,6
4,6,13,22
5,6,11,48
3,6
14,42
4,5,6,15
2,6,11
6,22
4,5,13,17,25
4,5,6,25,27
14,22,28
5,6,19,46
6,14,17,23
6,7,11,30,46
4,6,22
3,4,6
39
6,14
6
6,25
3,4,15,42
2,5,14,20,34
0
5,6
6,29,48
3,4,6,14,17
6,12,20
6,15
6
5,13,21
3,6,19,27,30
5,6,17
21,34
6,14
5,6,7,14,30
6,14,30
6,19
5,6,25
5,19
5,6,11,12,14,35
3,6,7
6,14
5,6,25
7,46,49
5,6
5,6,25
6,11,14
2,4,5,6,8,14,51
15,16,33
6,40,41
8
4,6,7,17,20
3,6,14,36
3,6,42
2,3,6,18
6
4,6,11,14,17
4,5,6,14,33
6,8,14,39,45
5,6,13,14,18,22
6,9,17,41
5,6,7,14,15,23
3,6,7,14
3,13,14
6,14,25
4,5,6,46
3,6
6,17,34,41
3,5,6,14,36
6,22,33
5,17,21,25
3,6,20,34
5,17,25,49
3,6,16,25,40
3,5,6,20
6
7
6,7,18,33
5,6
13,16,22
6
5,8,22,41
18,49
6,31
5,6,14,21
6
5,6,47
15,45,48,51
4,5
6
7,29
4,6,8,22,29
5,6,10,22
4,6,13,25,37
6,49
5,49
6,8,14
6,7,25
6
3,6,17
2,4
4,6,12
6,22
2,3,4,5,6
7,17
6
4,5,6,14,22,32,48
5,6,25
4,6,16,48
5
0
3,10,11
16,20
6,19,32,35,41,42,49
5,6,12,14
6,7,23
3,7,23
17,31,46
13,15
5,6,13,14,43
4,8,20,43
6,10,28,32
4,6,14
6,21
14,19
5,6,14,18
2,4,5
6
6,31
5,6,14
3,6,7,14
6,17,26,43
5,7,14
6,39
6,16
2,6,17,38,43
5,7,12
3,6,17,46
5,6,7,17,19,21
6,40
3,6
6,22,49
4,5,6,14
6,14,30
6,13,28,38
3,5,35
5,6
7,16,27
6,29
5,6,14
6,29
4,6,7,25,33
6,17,18
3,6
6
22
4,6,14,34
5,6,46
4,5,6,15
19,20,24,36
3,4,14,17,20
6,14,16,22,28
9,14,15,16,48
0
47
6,8,13,20,46
5,42
3,6,39,48
6,10
6,17
5,6
5,6,7,9,14
6,49
6,7,14
6,10,14,16,17,40
2,4,13,14,25
2,5
5,17,25
5,6,25
6,50
4,6,7
5,6,28,47
6
4,5,6,22,44
5,7,9,12,20,28,32
6,14,46
14,19
4,5,6,10
6,22,29
4,6,28,29,46
5,6,17,35,48
5,6,30,49
5
5,6,10,28,42,49
5,6,13,14,18,45
4,6,25,37
5,6,12
4,15,39
6,15
22
5,6,13,25,27
3,4,6,35
6,28,38,42
6,14,16,25,36
5,12
5,6,14,15,25,26
6,7,13
6,30
4,6
4,6
6,12
3,6,7,42
3,5,6,48
6,15,50
4,5,12,14,15
6,7,13,14
2,4,6,9,17,33,34,37
6,14
5,6,39
3,6,14
3,5,6,7
4,6,11,39
4,5,7
6
5,22
6
6,7,14,45
35,50
2,6,12,43
3,6,8,19
3,5,6,18,43
3,14,16
2,4,17,21,29
4,5
5,6,7
6,22
6,13,19,22
5,6,14,17,34
2,6,30
5,6,10
6,31
21,30
4,6,18,25,30,49
0
6,14,34,46
4,6,12,25,50
4,13,15,17,44
3,6,11,48
7,14,45,51
4,5,6
37
3,12,14,15,44
2,4,6,23
4,15,29
6,15
6,28
5,17,20,27,37,48
5,6,7,14
7,48
5,6,7,10
2,5,6,14,17,32
6,28
5,6,32,46
7,41
6
5
5,6,30
6,14
5,6,22,30
44
6
6,22
4,5,6
6,12,50
3,5,6,17
3,6,28
5,6,44
6,14,21
6,8,13,14,33
14,21
5,6,8,25
4,14
5,6
6,7,15
3,14,22,24,38,48
6
5,6,14
3,4,5,28,40
5
4,5,6,24
2,4,10,14,38
3,6,12
4,5,7,15,25,37
10,17,22
6,14
2,5,6,17,31
5,6,14,38
6,14,17
6,7,49
6,25,40
5,6,14,35,40
6
4,6,27,33
5,6,14,22,25
6,21,22
3,5,17,18,42
4,6,44
3,37
3,6,20,44
5,6,12,14,32
6,10,33
2,7,18
5,6,13,38
3,6,7,11,15,30
3,14
3,5,6,26
5,6,11,13
5
5,6,26,35
4,5,6,19
4,5
6
0
6
4,15,26
6
4,6,12,13,14
4,5,6,15
5,42,43,49
6,14,17
6,19,29,49
6,14
5,6,14,17,18,43
6,17,31,42
5,6,51
6,37,47
6,16,26,38
10,15,18,37
4,6,21,27
17
3,6,25,33
3,5,14,15,17
4,5,6,7
3,4,5,6,22,41
6,41
15,38,42
5,6,11,21,49
6,50
7
3,4,6,20,22
10
5,6,22,43,50
5,6,16,17,25
15
4,5,6,10,14
6,21,42
4,6,7,41
4,5,6
6,7,9,20,25,42,51
5,6,20
4,5,7,21,25
4,25
4,6
2,5,6,17,22
6,15
6,12
5,6,14,22,46
3,6,28
6
5,14,49
6,7,14
5,6,14
5,6
6
4,5,39
5,6,30,33
6,14,16
6,8,10,14,48
6
6
3,6,28
4
2,6,25
5,16,18,20
11
3,6,44
23,35,42
6,39
13,26,45
6,9,28
6
5,12,29,34
10,20
5,6,14,20,31
5,7,18
4,5,13,22,41
11
14,18,41
6
3,6,7
5,6,7,14,35
5,6,19
6,14,20
4,5,6,7,11,14,38,42,43,44
2,4,6,22,23,41
18,20,23,33
6
2,4,6,37
3,6,7,41
5,9,18,28
6,12,14,25,30,41
25
2,3,5,6,16,41,45
6,7,22,23,47
4,6,12,13,14,21,50
5,12,14,17,22,26,28,39
2,3,6,41,43
5,6,7,18
6,22
6,14,17
6
6,13
0
2,13,14,22,31
5,6,8
6,21
5
6
5,6
5,6,8,28
4,5,13
5,7,14
4,5,6,13,14,17,31
4,5,6,16
6,21,36
3,5,6,15,40
2,6,10,22
6,7,22
3,5,6,17,21
6
5,6,13,17
5,6,21
6,16
5,6,9,11,13
3,6,7,10,14,15,16
6,7,22
6,11
4,6,12
4,6,14,38
6,14,29
6,41
5,6,41
6,17,26,35
3,4,6
0
6,7,26,40
2,5,6,7,30,38
5,6
6,7,12,17
5,6,20
21,26
2,5,6,28
2,4,6,34
36
6,12,14,32,34
6,12,28
11
5,12,14,36,42
7
0
17,28,46
6,50
4,6
5,6,17
6,14,22,31
6,14,17
3,13,17,25
6,13,46
2,3,12
3,5,6,22
4,5,6,7
6
3,4,6,12,21
5,14,21
36
2,6
2,6,28
5,6
5,6,14
3,33
3,5,25
6,7,13,14,22
6,46
3,6,22,41
47
3,5,6,7,19
3,6,17
10,28
5,6,45
6
17
6,24,47
6,10,17,27
5,6,7,8,32
3,6,7,22,38
6,14
5,6,12
6,17,30
3,6,10,12,15,26
2,6
2,4,8,25,35
4,5,6,14,22
6,14,15,42
4,14
5,6,40
16
6
13,19
6,10
6,14,21,36
3,6
3,22,43
6,15
3,4,6,16,25
2,6,14
3,4,6,27
2,14,22
6,14,21,27,47
5,17
3,5,10,13,41
5,6,51
6,20,25,34
38
6,7,12,14,22
4,6,14
0
4,5,6,41
4,6,13
5,6,9,14,46
2,6,14,18,20
5,6,23,41
6,25
4,5,6,7,14,21,22,25,26
3,6,21
6,23
5,14,15,27
15,33,34
3,5,6,23,28,42
5,12,14,24,30,35
3,6
6,45
6
6,20,47
6,40
7,28,45
6,17
6
6,7,45
3,6,42
4,5,6,16
0
42
5,6
4,5,17,22,26,43
5,6,14
7,10,21
4,17,44
6,14
6,10,17,34
6
6,14,21,30
5,21,37
6,12
6,15,22,46
3,5,6
6
14
3,6,7,10,14,25,49
3,5,22,42
3,13
6,14,29
5,6,14,17
4,5,6,7
25,34,49
6,15,17,18,20
6,8,50
2,6,11,48
5,6,28
5,6,7,19,29,32
3,14
4,5,14
3,46
3,4,5,14,17,44
3,5,6,25,27
3,5,6
5,14,23,48
6,22,26
6,14,20,21
6,13,21
6,20
5,6,14,27
5,12,14,17
5,6,46
4,6,7,14,20,25
3,4,5,6,7,8
6,14
7
4
5
3,5,6,10,33
2,4,7,14
3,5,6,22
5,6,14,36,50
5,15,18,26,28
5,6,20,39,50
2,4,6,13
3,5,6,15,22,25
5
2,6,28
5,6,28,36,41,45
14,27
3,5,6,20,22
6
0
6,46
6,9,17,38
4,6,10,42
3,5,6,27,41
5,6,38,43,44
5,6
3,5,6,27
0
6,7
6,7,17,20,26,44
6
5,6,14,28,41
6,14
4,8,28
5,6,13,15,19,20,25,35
6
13,14
4,6,22,23
6,17,41,44
2,5,7,25
4,6,8
2,15
3,5,26
5,6,26
5,6,15,19,25
2,4,5,6,30,46
2,4,6
5,6,14
4,6,13,38,42
5,6,14
4,6,36
0
22,48
3,5,7,11,20,23,42
2,5
6,41,42,47
6,38
6,15,19,30
6,49
6,11,15,19,22,36
5,6,10
3,6,22,49
4,6,14,17,23
2,5,6,45
6,28,46
3,6,19,38
3,5,6,14
5,6,14,19
6,22
4,6,7,9
3,6
6,35,40
6,18
6,25,50
6
17,22
5,6,13
5,6,7,46
5,6,20
3,6,7,22
4,5,6,10,49
6,14,26,28,49
5,6,9,14,21,22
4,5,36
6,12,14,38
3,4,6,32
3,5,15,17,20
4,6,17,20
14,38
5,6,30,32
4,6
5,6,14
4,6,48
8
4,6,14,21,25
5,6,10,17,41
5,49
4,6,28
25,30
6
12,14,17,21
3,6
3,5,6,7
5,6
5
5,6,10,14,19,46
5,14,42
6,7,14
6,13,18
3,6,43
5,6,22
3,4,5,6
7
3,4,6,14,17
6,14
3,6,14
6,22,32,35
2,4,5,6,15
6
5
4,6,8,14,26,46
5,6,8,15,17
6,12,20
6,20,26
5,6,20,25
5,6
4,6
5,6,7
15
5,6,22,28,29
5,6,19,25
6,21,25,31
22,33
6,13,15,21,28
6,14,17
2,6,22,23
5,17,20
4,5,6,20
4,6,12,19,30
4,6,28
4,6,18
14
5,6
5,6,14,31
0
4,6,7,15
4,6
14
5,6
6,7,29
3,5,6,22
5,6,17,20,32
6,20
6,32
5,6,7,22
6,7,10,27,36
5,6,17
6,21,41
0
13
7,18
3,6
5,6,39
3,5,12,14
2,5,6,10,14,22,23,33
46
4,6,12,17,22
6,7,37
6,20,25
2,6,7,11,24,47
5
5,6,14,20
6
3,6,9,47
49
6
5,6,7,19,25,45
5,6
14,46
5,6,20
6
5,14,17,19,41
6,11,29
5
6,23
3,4,14,22
14,48
3,6
35
0
6,28
0
6
5,12,17,20
3,4,11,15,28
5,6,9,14,22,34
4,20
20
6,17,19,41
6,7
5,13,16
5,6,10,15
3,6
28,40,47
6,17
3,14,21
3,5,6
5,6,17,18,37
4,25
2,6,14
2,6,32
5
8,17
3,5,6,7,14
4,6,13,14,17,23,32
16
5,6,14,42
5,6,35
3,5,6,7,17,22
4,6,18,41
3,5,6,42
6,12,14,48
6,29,51
4,6,14,16,31,48
6,17
5,6,17,29
4
13,22,45
6
6,31,34
6,16,30
2,6
6,19,29
5
6,16,25,29
6,20
5,6,24,34,51
5,6,14
3,5,6,12
6,30,43
5,6,14,18,22,23
6,17
8,10
4,5,6,8,14,22,27
2,3,5,6
3,4,5,6,14
6
5,6,7,13,14
5,8
4,6,15,23
6,14
28
6,14,19
5,6,14,41
5,6,14,28,42
6,16,27,28
2,6,14
6,27
3,6,18,22,42
4,6
5
6,18
4,5,6,28
3,6,12,13,20,24
5,6,13,14,17
7,11,28
4,6,21,22
6,8
3,4,6,12
3,6,14
4,6,7,8
6
5,6
14
3,5
30
6,16,17,36
6
6,10,36
5,14
6,14,25
42
4,5,6,14,21,26,47
14,25
6,14
6,13,16,37
6,13
6,51
4,5,6,29
6,34
5
5,16
3,6,13,35,36
4,6,36
5,42
5,6,14
6,25
5,47
10,25,43
3,6
6,7,8,21,51
6,14,39,46
6,14,25
5,14
20,22,43
6
6,23
3,5,6
4,6,10,17,19
6,14,17,30,47
5,12,14
6,12,17,18
3,10,12,13
5,14
5,19
5
6,7,21,47
4,6,14
3,6,7,17
6,14
3,5,6,18,25,34
6,22,49
15,21
5,6,51
5,13,15,25
6,19
6
6
5,6
5,6,20
6,48
6,20,29
6,12
2,17
5,6,10,34
6,14
5,6,9
5,6,22
2,6,33
3,6,41
5,6,17,28
3,6,16
6
2
6,9,20,41
6,7,14,44
5,6,10
6,22
4,6,7,12
4,6,17
0
3,6,50
6,10,14
3,5,14,18
5,6,14,20
5,6,25
3,12,14,28,47
5,6,17
6,20
6
6,14,22
6,16
6,28
6,14
5,6,21,23,33,49,51
6,7,15,20,31
4,6
3,6,31
0
14,23
5,46,48
3,4,5
28
5,13
5,6
6,17
4,5,6,39
6,21,28,30,43,51
7,14,31
14,19,22
4,6,13,14,15,41
5,6,7,21
6,17,20,25
5,19,25
5,6
23
14
6,14,18,23
6
6,14,25
31,49
5,6,10,17,25
5,6,20,36
6
5,6
5,6,34
4,6,7,8,25
5,6,25
3,4,5,6,7,21
6
4,5,7,30,45
5,6,17
6,11,27
6,12,14,20,22
0
5,6,14,25
5,6
2,6,14
2,5,6,23
3,4,5,6,14,18,36,42
3,5,27
5,6,7
5,14,17,26,36
25,38
3,7,8,34
3,14,21,30,34,42
4,5,6
3,5,17
3,5,6,29
6,23,35
2,5,6,28,33
5,6
3,4,6
16
6,46
3,6,14,48
4,18
5,6,17,26
4,6,7,9,14,17,21,47
3,17
0
5,6,10,14,43
4,6,33
15,29
6,15,21,40
0
6,17,25
6,28
14
6,14,43
5,6,20
5,6,42
4,5,49
6,49
4,6
4,5,10,14,47
6,13
2,14,17
6,19,25
4,6,11
2,6,7,13,41,49
14,17,48
5,6,7,11
4,5,7
5,6
3,5,6,7,14
2,4,6
4,5,6,16,20,51
6,14
3,4,5,17,19
5,6,11
4,5,6,20,25
6,19,24
29
3,6,14
4,5,14,47
6,28
6,10,37
5,6,20,42
6
5,6,10,15,34,47
5,7,14,33
5
5,6,13,14
3,6
3,26,41
5,6,14
6,21
2,4,5,6,16
4,5,7,14,15
4,5,7,14,22,49
5,6
2,7,11,14
5,6,28
13,14,19
6,7,34
5,6,20,38
4,6
9,25
6,43,48
14,20
6,38
13,14,19,26,29,38
6,8,14,43
2,3,16,17,25
3,5,13,42
2,3,6,14,22,45
4,6,7,17
5,6,13,33
4,20,38
2,6,12,39
6,15,25
0
3,6,12,29,44
6,21
2,3,6,38,42
3,14,21,47
4,6,7,14,26
5
6,17,20
5,6,22,28,30
6,43,47
6,14,16,45
14
6,10,27
6,12,23
6,23,46
4,5
4,6,10,14,15
3
4,6,14,38,51
2,5,20
6,16
30
4,5,21,33
5,6,7,14,17
6,17,19,41
5,6,7,14,18,21
0
5,6
7,18,25,26,39
5,6,21
3,6
5,6,13,49
3,4,6,13,47
6,14,15
6,14,48
5,6,7
4,6,20
5
3,6,15,32,51
5
3,7,22,25
6,7
4,5,14,19,30
5,6,17
2,7
4,30,41
5,23,41
6
6,12,16,22
6
6,13,14,49
5,22,35
4,6,16
6,33
8
6,7,14,17
7
4,6,44
2,5,6,7,13
2,4,5,15
0
5,6,35,40,41
3,6,14,15,29
6,14,51
3,6,10,41
3,4,5,6,12,20,31
6,42
4,6,14,44
4,5,7,12,14,19,22
6,16,44
3,17,28,29
4
5,6,7,41
3,23,47
4,6
3,5,6,10,13,17,21,25,31
5
6
6,13,17,51
6
3,5,14,38
14,22
3,4,6,14,17,20,28
6,7
6,10,41
3
6
6,10,14,31
4,6,8,19,46
14,15,32
14,28,46
6,29,35
5,7,22
6,18,19,30
6,12,28,44
4,5,7,24
3,4,5,14
6,48
5,6,10
5
5,6,27
47
6,30,39,43
3,6,8,20,32
3,6,8,20
6,14,28,36
14
6,15,20
3
3,6,13
5,6,7,8,15
4,6,50
6,13,14,17
5,6,7
6,14,21
4,6,14,37
6,21,22,40
2,5,49
5,6,7,10,47
14
6,13,39
5,6,17
6,14
4,6,32
6,12,19
7
6,14,48
0
5,6,7
6
6
5,6,44
5,6,40
5,6,20,22
6,28,43
20
4,6,14
5,21
3,4,32
5,26,30,33,38
2,6,20
2,5,6,17,36,37
6,8,14,43
6,12
5,6,19
5,7,17,21,30
3,5,6,10,22
5,6,37
6
14,15,16,21,23
6,48
5,6,14,30
5,11,14,20,25,44
6,9,14,37,51
6,20,22
6,14
12,14
6,7,9,14,15
17,24
6,13
5,6,17,33
0
4,5,6,14,15,19
5,50
5,6,14
14,16,23,39
0
4,5,6
5,6,14,25
6
4,12,25
4,5,6,7,17,22,25,38
44
2,4,5,6,7,37,41,42
6,29
6,8,14,17
3,5,6,48
6,17
5,6,10,14
4,6,17,41
6,10,17,20,23,29,45,51
6,8,27,42
6,14,21,25
14,20
6
6,15,32
3,5,6,7,12,14,41
4,6,30,40
3,6,8
6,10,13,16,17
6
2,6,14
19,29
6,45
5,6,15,25
2,4,5,6,14,22
42
5,6
3,6
4,5,7
5,6
3,5
6,7
4,22,42
5,20
5,6
5,10,34
5
6,17,22,25
6,14,16
6
6,47
5,6,22,49
5,6,17,18
4,14,51
5,6,22
5,19
0
4,6
6,7,14
6,13,14,24,38
6,17,20,22,25,48
5,6,14,22
6,22,26,32,49
5,6,14
6,12,13,23
4,5
6,46
5,6,14
6,7,19,21,25
4,6
14,25,50
3,4,10,28
5,6,14,15
4,5,23
5,6,9,23,44
5,6
0
5,10,14,31
11
21,33
6
5,6,12,31
5,12
6,26,29
5,6
5,6,7,12,13,45,50
6
6,19
6,22
5,6
5,6,28
6,7,43,45
26
6,18,42
6,14,22,31
6,22,30
3,44,48
2,5,14
4,6
4,5,6
4,6
5,14
4,21,51
6,14
5,25
7,14,22,28
6,10,14,15,25
6
4,5,14
6,12,17
5,17,18,41
5,6,14,16
5,20,41,45
5,14,17,22,23,24,38
5,22
6
3
6,17,22
4,6,32,36
6,7,25
7,10,26,33
6,15,17
5,6
6,14,44
10
3,6,14,15,17,51
3,6,20,33
6,9
14,16,21
6,22,23,42
6,10
3,6,11
3,5,7,34
3,5,6,7,12,33
6
4,5,6,8,14
4,6,28,36
4,17
6,25,47
5,20,25
3,6,7
3,6,28,34
6,13,14
6,15,17,22,33,50
5,6,25
5,6,14,17,22,29
6,7,20,22
6
4,5,10,14,17,41
6,7,14
12,40,46
5,6,26
5,6,21
2,6,9,14,20,42
6,15,44,51
4,5,6,13
6
4,7
5,6,7,17,22,36
6,21
3,5,6,20,30
3,5,6,28,48
4,6,12
3,4,5,6,20
3,6,10,17
0
2,6,23
12,21
4,6,9,14,19
6,26,42
6
6
5,19
5,6,12,13
6,22
5,6,15,18,45
6,17,35
2,6,42
3,6,7
5
5,20,26,42
6
5,6,7,36
5,6,13,15,42
3,6,14
6,36,44
5,6,17,20,22,40,41,48,50
5,6,14
6,28
5,6,15,18,32
14,21
14,15,25
6,41
5,6,14
6,7,45
4,14,49
6,18,25
0
6
0
5,6,17
6,14
6,14,23,44,48
5,6,14,16
5,6,7,13,31
3,6,7
5,6,7,14,30
6,14
16
6
2,6,17,47
5,6
5,6,14
3,6,14,21,22
12
6,14,29
6,19
6,12,14,20
6,46
3,6,13,43
6,7,13,29
3,5,6,17,26,31,44
4,5,6,13,14,17,20,22,24,47
5,6,20,22
5,6,37
6,20,25
5,6,28
3,9,14,20,50
5,6,23,40
4,14
3,5,6,7
5,19
3,6,14,24,42,51
12,21
6,7,20,50
4,6,7,14,17,20,30
6,12,28,36
4,7,25
5,6,14,33,36
3,5,6,19
4,6,25,34
3,5,6,7
5,6,17,20,21
5,6,24,37
6,41
12,48
6
6,11,27
3,35
6,20,39
3,4,6,41
6,20
6,37
4,6,26,41
5,6,14
4,15
3,7,35,48
5,6,17,18,44
6,7,25
5,6,47
6,16
5,6,8,22,37
3,6,28,34
12
4,6
4,6,14,46
3,6,18,22,28
6,7
4,5,6,14,17,34,45
4,14
3,42
6,14,39
5,6,7,18
4,5,6,17,25
6,7,15
3,5,6,22,25
6,10,14,26
8
3,6,31
6,9,10,38,43
6,14
5,17,37
3,6,7,14
6,22,23
4,5,6,11,13,17,23,40
14,29,43
2,10,20
0
5,6,22
3,9,17,36,51
5,6,22
5,6,14,24,43
5,6,41
7,14,25,32,48
2,6,29,35
4,6
5,6,19,25,28
4,6,45
0
3,29,51
4,6,13,31
6,20
5,7,14
6,25
5,14,21,28
5,6,44
3
5,20
3,5,6,14
3,6,13,22
6,14,17
6,25
6,14
6,42
2,4,6
5,6,38
4,14,46,47
6,27
6,11,43
29,42
5,6,7
6,14
4,5,6,14,17
10
5,6,10,13
6,35,46
3,6
14,20,21,23,31,42
3,6,22,51
4,5,6,19
4,5,14,17,32
6,18,24
4,6,8,17,29,46,51
6,43
4,6,21,22
6,11,12,20
3,14
4,6,16,29,36,47
5,6
2,6
4,6,14,27,43
27,37
6,11,13,14
7
6,14,20,22
5,6,14
5,6,12,18,28
2,3,6,17,18,20,21,29,49
29
3,6,9,14,15
3,6
5,12,18,25
7,27
8,20,21
6,7,50
3,4,6,22
6
5,6,17,25
5,6
0
6,12,40
7,21,22,39
6,28,37
4,6,7,14,17,47
6,25,38
3,5,6,25
4,6,14,16,21,48
4,6,14,36
6,7,11,36
6,13,46
5,6
5,6,8,17,40
4,48
6,14,19
5,6,19,33,41,44
6,51
6,16,31
6
12,14,23
5
5,6,22,30
0
2,14,20
5,6,29
6,12,15,17,21,43
3,5,42,49
6,14,17,36
6,8
5,6,14,20
5,6,35,42,47
2,5,6,7,37,42,44
6,22
5,7
3,5,6,7
4,6,22
6,12,14
2,42
29
3,6,13
6,7,12,22,23
2,6
5,17
2,5,6,19,29
6,22
4,6,8,12,14,23
0
5,6,21,43
4,5,6,20,26
6
6,7,14,20,25,37
4,22
3,4,35,43
7,19
2,6
4,5,6,21,46
3,17,20,23,42
6,18
4,14,17,21,39,50
4,6,8
4,5
6,9,20,36
4,6,46
6,10,18
5
4,5,6,11,16,21
4,5,6,44
4,6,19,22
29
3
12,23
5,6,14
12,31
3,4,6
4,5,6,28
5,6,15,18,25,43,45
2,6,17,19,30
31,37
4,6,25,48
6,41
7,14
6,21
5,6,17,26
5,6,28,30
3,5,6,40,42
4,11
3,6
5,6,12,13,29,37,48,49
4,5,15,43
6,14,17,22
2,4
5,14,30
5,6,26,33,46
6,10,35
6,23,25,36
6,46
5
4,6,19,50
14,27
5,6,14,38
5,6
8,23
5,6,7,14,16,17
6,28,43
6,20,30
6,14,51
6
6,10,16
6,17,25,28
2,5
4,5,6
5,6,20
0
4,6,12,33
3,5,6,8,22
16,20
6,22,46
6
12,14,21,31,49
6
6
4,6,23
6,24
6,13
19,28
4,6,17,21,22
6,17,44,46
5,6,27
4,6
3,6,24
27,28
3,6,14
5
5,6
6
6,20
6,48
16,28
6,8
5,6,14,34
2,3,4,5,12
4,5,6,13
2,6,17
3,6,21,25,27
6,9,22
5,17
0
2,48
3,22,34
14,45
5,6,31
4,6,32
5,11,20,44,45,46
5,6
2,4,5,6,14,44
4,14,15,49
2,4,5,6,7,14,47
5,6,8,11,30
5,6,14,21,30
3,5,6,7,13,14,26,42,46
5,6,26,50
5
3,5,6,14
6
3,6,14,21
6,7
3,4,6,12,27
18,21,25
6,7,23,41
4,27
5,6,14,16,25
4,6
3,6,7,12,22
0
13,22,49
5,7
3,6
6,14
4,6,40,41
4,6,21,29
5,6,22
4
6,13,20
2,4,6,7,24,36
3,4,5,7,27,42
5,6,7,11,21
5,6,18
6
3,4,6,33,34,42
5,6,21,26
5,6,20
32
6,13
5,24
6,8,14
0
6,7,14,40
49
3,5,10,17,18
3,5,6,14,25
6,12,22,25
14
5,6,22
2,6,17
5,6,40,43
3,6,35,45
3,6,17
2,6
6,30
44
3,5
4,5,6,8,20,41
5,6,14,45
7,9,42
6,7,11,26
6,14
7,23
4,18,38
6,12,44
5,6,13,17,44,48
2,4,6
21
6,16
2,6
3,5,14
2,42
7,25,26
4,5,14,49
6,22,45,49
5,6,7,30
4,6,12,14
6,7,43
5,6,8,48
3,5,6,14
4,41
6
6,44,50
6
3,6,13
6,20
4,5,6,11,21,29
3,5,6,28
0
3,25
5,6,18
5,11,14,25
5,6,28
6,7,24,41
40
12
6
5,6,14,21,36
3,5,20,39
3,6,7,19,41
4,6,14
5,6,12
3,6,14,22,25,30,41
3,4,22
6
4,5,6,7,11,19,38
6,14,23
6,27
2,6,13,20,49
6,36,40
5,6,38
25
6,12,13,25,51
6,14,17
5
6,7,25
6,7,14
0
5,15
5,20,27,36,46
5,6,7,15,27,46
5,6
15
6,7,14,33,41
4,12,17,19,50
20
5,10,43
5,6,12,14,43
6,14,37
4,6
4,6
5,6,22,26,29
2,5,6,14,15,42
3,6,7
5,6,28
4,6,22
5,25
6,20,29,49
5,6,14,17
6,12
10,16,20,39
5,6,14,29,48
6,14
5,6,7,21
6
4,5,6,21,22,23,25
14,20
3,6,36,39
5,6,35
2
5,6,14
12,17
5,12
3,19
4,6,24,38
6,7,17
6,46,51
5,6
3,28
14
6,14,17,21,25,42
5,6,8,14,42,49
5,6,42
6,20,25
34
0
3,6,18,22
13
6,20,28
5,6,26,33,48
6
5,6,36
6
4,7,34
3,6,21,32
5,6,14,33
7,10,14,22,42
23,43
5,43
6,49
6,12
12,14
6
7,26,32,34
12
2,6,14,22,27,30,38
6,7,14,41
5,6,9,18,36
6,14
2,7,21,43
6
6,22,26
3,21,27
6,27,28
4,5,30
5,6,19
6,13,14,19,37,44
4,5,6,20,33
3,5,6,12,14
6,17,20,45
6,16
3,6,17,45,46
5,6,10,13,17
5,6,12,43
3,6,8
3,6,17,33,37
5,28,42
4,5,6,20,30
14,20,42
6,11,12,26
4,6,37
4,5,6,25,39,41
6
14,30
4,5,6,14
14
3
6,21,28
3,4,6
17
6,16
6,22,38
6,13
6,37,38
6,16
2,5,6,20,21,38
6,37,39
6,14,25
2,6,7,31
3,5,6,12,13,14,25,40
6,20
2,5,6
6,21,41
6,11,41
5,6,14
4,6,7,19
6,9
5,10,23,29
5,6,45
14
4,6,30
3,4,5,6,21
25
6,14,17
6,12,35
12,42
5,6,15,46
5,6,17,46,50
44
6,17,22,45
3,5,24
7,14,19,39
4,5,6,14,17
4,6,17
2,26
5,6,10,14
5,14,20
2,6,50
2,3,5,6,14,25
4,28
6,13,24
0
5,6,47
25,30,31
3,14,19
12,14,37
2,6,7
6,7,22
6,7,24,46
9,30,38,49
2,5,6
4,11,13,20,24,25
6,10,14,16,17,26
5,6,12,17,18,22,29,44
5,6,43
6,12
3,6,45
6
3,5,6,12
4,5,6,17,24,48
5,6,13,14,20
6,15,22
6,20
4,6,23
3,6,7,22
5,10,17,22,51
3,6,7,41
4,5,6,26,44
4,14,18,21
4,6,7,14
6
4,5,6
3,5,6
5,6,10,14
3,6,14,21,36
3,6,47
7,20
2,6,7,11
5,6,7
4,5,6
5,7
3,6
2,6,41
25
38,51
5,6,7,14,22,48
4,6,16,20,38,39
6,18,47
5,17,38
2
6,17
12,49
2,6,22,29
4,6,13,20
4,7,20,41,50
5,6,50
2,26
6
12,21,22,32
3,12,13,14,17
6,23,36,41,51
4,5,6,14,20,22
5,6,10,17,19
5,6
4,12,14,16,29
3,4,5,6,13,14,20,28
2,4,5,6,14,51
5,6,12,14,26,29,42
5,6,7,17
5,6,22,25,33
3
4,6,17
10
3,5,6
6,29,38,40
21,28,32,46
4,6,7,15,16
2,6
4,5
6
6,12,14,17
2,6,10,33
6,38
5,6,22
5,17
5,6,18
2,4,6,42
5,6,14,16,22,24
5,7,14,15,25,33
50
2,7,16,30,34
6,22,41
0
22,29,46
6
6,7,14,26,29
6,14,17
5,6,48
0
5,17
14
3,9,14,27
6,9,17
2,3,4,5,6,20
0
25,28
5,6,8,10
6,7,30,31,44
30,48
2,3,5,14
5,6
4,5,6,28,30
4,5,6,7,21
3,6,20
6
12,38
6,16,17,25,26,32
3,4,6,14,18,33,43
2,4,6
5,14,25
6
21,23,25
6,29,35
5,6,14,25,34,45,46
3,6,12,13,14,22
6
6,17,40
5,32
2,6,7,14,29
3,5,6,20
4
5,6,14,15,25,34
3,33
6,33
4,14,22,25,32,42
2,14,17
4,12,14,27
2,4,6
0
14,15,19,21,22,34
6,13
11
5,6,22
6,14,25
5,6,7,13,14,30
3,4,5,6
3,4,5,6,7,17,39
8,32,46
4,5,6,7,43
3
4,6,26,34
6
3,6,25
22
3,5,6,13,22
6,13,14
4,7,25
6,8,14,46
4,6,49
5
44
5,6,10,43
3,5,6,12
5,33
6,25
5,6,39
6,20,29
5,6,9,14,22,39
4,6,43
6,20
48
6,42
3,4,6,12,26
2,5,6,7,14,17,23
6,13,18,24,38
5,6,11
5,6
4,6,35
6,18
12,22,30,44
5,6,7,28
5,6,29
21
4,6,12,31
6
4,6,14,18
3,5,6,10,25,28
4,5,6,7
0
0
6,14,17,25,31
7,13
6,14
5,6,14
6,14
2,6,7
2,4,5,28
0
5,6,15,46
5,6
5,6,7,18,20,25,41
4,6,17,22,46
4,6,14,50
5,6,30,34
14
4,6,14,34,42
4,7,14
5,6
5,11
7,29
4,7,14,17
2,4,13,21
4,6,25
5,13
5,6,7,11,14,28
3,6,14
5,6
3,6
17
6,17,29,30,33,39
5,6,9,20,25
6,27
4,5,37
3,4,5,6,10,30
6
6,41,42
5,6,22,42
6,7,30,31,43
4,6,7,13,15,17,51
4,5,6,45
28
6,17,45
2,3,9,17,41
6,7,17,19
6,20,35
5,12
2,3,5,14,17,22,41
37
3,6,13,17,37
6,19
6,27
4,14,23
5
6,10,14,21
28,50
3,6,10,14
3,4,5,6,25
3,17,22,50
2,6,14,48
5,6,7,20,22
5,6,16,38
6,14
17,34,42
8,13
5,18,23
6,13,14
5,18,22,25
2,4,6
3,6,7,19,36
2,3,5,6,13,14,22
6,7,13
6,20,43
6,17,29
3,6,25
3,6,20
3,6,14,24
4,6,20,49
17,22
5,6,14,48
4,5,6,20,28
5,6,10,13,14
22
6
5,6,7,48
6,7
3,5,6,21,24,32,44
3
5,6,7,14
3,6,20,41
5,6,40
6,14,16,23,47
3,5,6,18
4,6,14,19
14,21,26,28
5
7
6,7,43
6,14,34
5,6,7,17,28
4,14,20
3,6,14,16,44
3,19
5,6,7
4,6,34
6,14,25
3,8,19
5,6,21,23,48
5,14
3,6,17,22
4,5,20
6,8,31
6,7,30
6,12,44
6,22
6
12,17,28,39
5,6,9,14,30,50
5,6,14
2,5,6,29
5,23
5,26,29
6,7,8,30
6,7,14,21
5,6,14
0
6,17
6,13,14,42
4,6,25,33
7,19
4,5,42
5,6,16,17,39
4,5,6
5
2,3,4,5,6,14
5,6,7,50
2,6
2,6,18,21,40
4,14
3,4,5,6,22
6,13
4,6,33,46
4,6,10,12,17
5,6,20,49
3
5,6,21
3,5,6,7,11,14,19,20
6,14,17,25,51
5,37
5
6,12,23
5,6
6,8,43
4,6
4,11,40
5,6,32
4,6
2,6,14,41
5,13,18,21
22
6,14
6,18
6,13,14
5
4,5,6,14,18,22
3,5,6,22,33
6,13,14,15,17
5
21
5,6
6,42
5,6,13,14,46
6
5,6,17,50
6,14
5,6,13,14
5,6,14,28,34
3,6,8,20
6
8,14
6,10,14,36
6
4,36
6,8,21,28,45
4,6,17
6,40
2,6
6,7,28,45
14,51
4,5,6,14,15,23
4,6,20,23,36,38
6,21,25,40,49
4,7,31
2,3,5,14,28,34,49
5,6,17
2,3,4,6,17,20,22
6
6,7,30,42
5,17
6,14,22
6,15
4,6,11,25
5,6
6,14
14,15
6,17
5,6
4,5,6
2,5,6,12,33
6
6,39
6,25
4,20,26
25,36
6
5,6,9,14,20,22
5,6,14,20,28,51
4,15,42
5,6,21
5,6,25
5,17
5,17,48
6
6
5,6,13,16,43,44
2,6,20,31,39
0
6
5,6
6
4,6,14,20,39,45,46
4,6,14,17,26,41,43
0
3,6,21
6,20
6,7,22,32,49
0
7,25
5,7,22,23,32,35
4,5,6
5,6,11
13,16,38,42
35
5,6,51
6,47
5,6,42
12,20,22
4,6,20,51
2,4,6,7
5,6,14,27
3,12,14
6,32,34,41
14,17,46
2,17,23,41
5,6,10
6,12,14,20
6,7,9
5,6,14,15,20
6,14,30
0
6,16
29,40
14,20
6,7,10,36,39,49
6
6
6
4,6,17
4,6,14,27,30
6
6,7,14,21
5,14
5,12
6,7,12,20
5,31
6,14
5,6,11,14,17
17,50
6,14
2,5,6,7,18,19
17,22
6,8,26
5
22
4,5,6,13,25
5,6,25
3,28
22
28,50
6,18,22,27
0
6,12,25
6,20
12,25
6,10,20
4,6,7,12
6,15
6
4,6,20
4,5,13,20,46
6
10
6
3,6,13,14,48
3,6,7,13,51
2
6
11,14,16,19
5,12,17,18,33
6,8,25
2,5,18,23,30,44
3,4,5,6
5,6,8
4,6
6,25
5,6,10
4,5,6,14,21,23,25
6,10,11,25,31
2,4,9,23
14
6,17,47
4,6,14,49
3,5,6,37
6,29
3,6,30
3,15,29
5,6,10,14,42
14,33,39
2,5,17,25
3,6,14,17,20,25,37,38
2,6,13
3,6,14,34
6,11,16,22
6,14,16,22,24
3,4,6,16,21,28
5,6,17,20
5,6,15,20,34
3,6,23,26
3,6,19,30
2,5,14,19,22
3,5,34,50
5,44
5,6,7
5,6,36
3,5,6
4,20,21
6,11,22,35
46,49
4,14,29
7
5,14,15,17
14,17,19,49
3,6,24
2,5,14,44
6,37
4,6,8
3,14,30
6,15,22
6,39
3,5,6,12,20,28,32
4,5,6,8,17,25,50
3,5,6,14,26,46
4,6,33,46
3,6,9
5,6,14,17
5,6,18,39
4,6,14
6
6,20
4
2,3,6,17,20
4,6,24,25,41
13,22,50
3,5,6
6,25
4,14,41
2,7,25,40
20,26
4,6,11,26
6,7,14,15
3,6
18,25
4,13
5,6,17
3,4,6,9,49,51
4,5
6,13,14,17,25
4,6,16,23
6,14,28
2,6,14,38
5,6,14,17
5,6,7,14,17
5,6,28
6
5,6,7
6
15,22,36,43
6,13,43
5,6,33
13,22,45
6,7,14,40,41
3,4,28
3,4
5,6,7,14,15,26
20,48
5,6,14
5,14
4,5,6,10,28
6,18,21,27,37
4,6,28
6,14,29
6,17
4,6,46
6,7,14,20,22,26,48
6,26,29
7,10,23,25,28,48
21
4,6,13
6,32,41
5,6
4,6,21
8,13,15,16,23
6
3,41,43
6,12,14,31,33
5,6,7,14,22,23,25
6,18,19,49
3,5,6,17,21,22
6
4,6
7,12,44
5,6,22
4,5,6
4,6,16,50
3,5,6
6
2,13,14,19
5,25,29,35,36
5,6,7,22
6,14,42
5
6,28
5,7,21,32
22,38
4,6
5,6,7,14,16
5
5,16,22
2,4,6
4,7,43
12,16,34,38
2,5,7,14,50
6,12,14
6,25
15,18,20
3,6,15,20,44,51
4,6
6,28
5,12,14,43
4,6,42
3,16
5,19,26
17,22
7,20,40
6
3,5,6,14,23
3,6
6
6,34,37
3,4,6
0
3,5,6,22,44
5,12,14
4,6,12,22
7,9,28
5,6,20,49,50
5,6,14
6
12,36
2,13,21,42
5,6,18
6,7
6,13,14,30,37
5,6,13,17,37
3,5,6,30,50
5,13,25
2,5
5,6,25
3,17,40
6,21
14
6,7
5,6,12,44
5,6,19,39
3,5,6
5,20,41
14,22,47
2,4,40,45
3,6
3,6,18
5,6,51
5,6,8,14,21,25
5,25,31
4,6,14,17,27,40
2,5,6
4
5,6,10,25,33
6,7
3,6,14
3,14
4,6,13
21
3,9,37
6,17,37,42,51
3,5,6,21,34
5,6,28,47
5,6,14
6,28,34
6
3,4,14,29,42
6,7
5,21
4,6,11,21
5,6,12,14,25,37
6,7,21
8,12,23,25
4,5,6,20,21,22
6,22
5,6,23
3,6,21
6,7,25,29
3,6,41
4,6,23,43
3,6,16
3,6,9,17,39
6,21
3,6,14,25,26,36,48
6,12,14,16
4,5,6,14,31,42
6,13,46
5,7,14,27
6,14,21,27
3,6,7,14,22,49
3,4,6,43
5,14,41,49
16
15
6,14
3,5,6,14,40
5,30
6,12,14
5
6,7
6,14,20
5,6,19,45
2,4,5
9,17
6,16
4,22
6,34
6,12
5,6,7,17,40
5,42,50
6,20,39
5,6
2,4,6,10,14,36,46
6,14,44
6
6,7,18,25
5,6,15,17,22,46
6,17
4,5,6,13,22,30
6,26,38,47
4,5,6
4,6
2,3,5,6,28
6,18,20,36
5
3,35
6,10
6,14,22
6,46
6,13,25
12
5,14
4,5,6,40,45
6,22,26
6,31
6
4,6,14
6,14,17,28
6,14,15,25,29
6
6,14,17
3,6,25
3,6
0
5,6,15,17,45
5,6
10,21,38
3,5,21,27,29
3,6
3,5,25,35,44
14
3,5
6,12,14,16,17
6,7,14,17,20,40
4,5,6,30
5,43
4,6,29
0
6,46,49
5,13
7
5,7,26
2,4,5,17,25
5,28
20,46
5,14,21
5,6,9,51
5,6,16
5,6,14
5,6,17,18,47
4,6,24,25
4,5,6,7,14,17
3,6
5,6,18,37,50
6
3,5,6,13,20
6,9,17,21
3,6,7,13
6,16,18
4,6
4,6,18,38,42
2,5,29
5,14
6
4,7,12
4,5,6,11,14
19,31
6,41
5,14,33
2,5,6,11
3,6
6,46
4,6,14,21
4,6,10,22,24
6
5,6,16
42
6,20,43
7,14,16,22
3,5,6,12,14,20
6,28
3,16,17,24
6,14,17,20,42,50
5,6,13
4,6,25,37
6,12,13,22
6,12,14,22
3,14
6,36
5,6,16
3,5,6,13,20,38
3,23
0
5,6,13,14
3,6,35
6,7,22
4,6,25
14,18
6,7
19
3,22
3,6,18,20,28,33
6,14
6,38
3,33
6,17,20
3,5,14,42
5,6
5,28
5,6,41
6,7,17,21
4,5,6,46
5,6,14,15,25,30
2,6,20,30
6,14,17,19
5,6,14,22,38
3,6,22
3,5,6,42
3,5,6,25
4,6,18,29,46
4,34,36
3,25
5,6,10,34
5,6,13,28
5,6,9,26
5,6,10,13,39
21
3,6,7
6
2,5,6,21,22
12,33
3,4,5,6,28,34,42
5,6,14
14,21,25
3,7,8,13
5,6,13,48
6,50
4,5,6
3,5,6,7,17,25
6,8,14,17
3,4,20,25
6,10,14
6
6,46
4,6,29,32,34
6,8,37
3,6,14,23
14,22,43
6,19,21,25
3,6,28
6,45
5,14,17
3,6
5,11,23,43
4,6,11,20
3,5,17,20
26
6,14
5,6
5,6,17,41
5,6,14,17,49
6,12
5,14,27,32
6,42
5,6,14,19,26
14
3,5,6,14,17
6,14,42
2,25
6,22
6
6,7,25
6,9,39
3,5,22,41
6,22
5,30,48
7,30
2,6,12,17
2,6,48
25
5,6,14,27
5,6,14,17,18,22
7,13,22,35
2,6,17,46
49
5,46
5,6,18
3,4,6,13,14,43
5,6,18
22
6,11,14
5,51
5,6,49
4,43
14,16,26
6,14,16
6,7,14,20,25
21,25
3,5,14
0
3,4,6,10,28
4,14,51
6,16,48
6,20
2,5,6
4,5,6,40
16
6,7,9,16
3,39
5
6,21
6,40
5,6,10,46
2,3,5,6,13
3,17
5,20
3,5,6
6,17
4,42
5,15
6,8,50
6,14
4,5,6
6,7
3,5,6
6,25,29,30
6,27,37
6,7,10,14,20,28
5,12,43
6,7,14,17
3,5,6,14
2,26
3,5,6,17,29,50
4,6,18,22,34
6,12,14,19,34
4,6,10,23
6,19,22,25,49
6,36
5,12,14
3,5,14,25
4,5,17,22
4,5,6,14,22
6,8,12,21,45
22
6
2,6,17,48
6,7,11
18
5,6,33
4,5,6,7,15,46,48
5,20
5,6,12,29
4,5
4,6,14,48
6,7,17
4,5,7,20,49
6,7,11,39
6,14
3,4,5,6,7,15
5,6,7
5,6,14,35,40
5,6,13
0
5,6,14,18,32
5,6,46
3,6,7,14,16
5,6,13
5,6,14
3,5,6,17
6,7,25,43,46,49
5
10,12
5,6
6,37,46,48
3,7,50
4,5,6
5,6,7
5,6,18
4,6,20
6
5,6,14
4,14,25
6,7,14,20
6,35
5,13,20
4,17
6,7,25,36
3,4,5,6,33
5,17,21,43
6,14,21
14,21,41
3,6,15,29,33
40,47
5,6
4,6,7,18,26,33
3,4
6,38
6,15
3
4,6,7,35
14,17
4,6,20
6,14,21
2,6,17,24,50
4,5,8,16
6,18,21
6,14,21
6,13,14,19,24,47
6,11,20,43,49
5,6,10,16
5,13,15,49
2,3,7,15,28,30,47
4,25
8,21
2,6,14,22
6
4,5,6
5,37,45,46
0
4,5,6,8,15,45
5,6,13,46
22,39,44
5
3,6,14,20
5
6,14,15,25,29
5
6,7,22
6
5,6,10,17,31
6
0
5,7,17
6,32,42,46,49
0
5,6
2,5,6
17
2,5,6,16,17,44
6,14,16,21,47
5,6,46
6,14
4,6
3,6,14,20,22
2,6,17,21
6
4,6,14,42
3,6,18
4,5,6
6,22,27,28
6,32
6,14,24,38
2,5,19,39
17
6,14,19,31
5,43
14,20,40
6,23,28
6,21,36,46
4,6,28,37
2,3,5,6,12,20
4,6,40,46
0
6,9,11,17,28
2,6,15,25
3,4,7,17,18,25
2,5,6,27,51
5,6,11,15,33
2,7,8
5,6,17,23
6,13,32
4,29
6,20
5,6,12,28
2,5,6,14,22
4,5,6
3,6,14,18,43,51
5,6,20,39
3,4,6,7,25
3,5,6
3,5,6,19,30
5,6,7,11
6
6,7,14
14,22,28
24,49
14
6
5,6,15
6,7,25
6,14,22,44
5,14,30
6,12
5,6,14,17,22
5,6,20,36
0
6,13,27
5,6,10,12,13,17
5,6,14,50
13,14
4,6,17
5,6
7,19,20,25,28
2,4,18,27
12,14,36,49
6,14
6,14,21,32
5,6
4,5,16,32,40
5,6,21,40
16
5,6,10
49,50
5,6
5,9,14,46
3,6,7
6,16,19,26
4,5,14
4,6
5,14
14,17
3,6,13,20
5,6,26
4,5,6
5,6,14
4,6,17,43
6,12,28
3,14,48
5,6,14,17,47
3,5,6,25,49
6,19,41
6,7
4,6,14
5,17,27,28
6,7
5,7,22,35
3,6,10
4
14
6,13,18
41
6
5,6,14,22,25,28
6,7,26,34
5,14
6,34
5,6
2,6,14,26,38
6,7,13
6,17,28
13,17
0
5,25,28,40
4,6,10,44
5,6
4,6,7,8,41
4,11,49
6,7,13,22,30
6,8
4,5,6
6
5,6,14,50
5,22,29
4,5,33,37
6,44
6,22,28,30
7,16,27
4,5,14,17
2,5,6,16
5,6,7,14
4,6,17
5,6
2,25
5,20,25
6,14,19
3,6
5,6,7,13
5,49
3,6,21,36
4,5,6,20,28
6,9,27
19,45
3,6,17
6
5,6,22,33,45
6,19
3,6,15
2,3,6
5,12,14,17,20
5,6,7,22,42
5,6,7,28,48
6,29
2,6,7,38
5,6,18,26,46
6
6
6,17,34
6,7,17
22,25,32,36
3,6
36
5,6,41,47
6,14,22,23,27,30
5,6,14,21,22
20,23
0
6,14,15
5
5,6,16,20
5,14,17,40,42
6,14,23,27,37
5,6
2,5,6
2,5,6,12
6,16
6,17,22,29
6,14,22,29,37
6,25
5,6,47
4,5,6
6,19,23,49
6,8,14,17,20
4,5,6,25
3,6,14,42,46
3,5,6,29,50
5
6,14,25
5,6,18,23,28,38
6,14,49
4,6
5,7,19,22
3,17,28
6,21
2,6,17,27
3,7,21,25,46
6,7
6,49
6
6,22
4,6,14,35
5,6,14,20,21,46
6,7
6
6,24
4,5,6
6,14,15,30
6,10,22
2,4,6
5,6,7,14,15
6,19,22
14
6
5,6
5,32,45
6,14,43
6,46
4,5,6,11,17
6,14,16,21,35
7,8,13,19
6,20
6,20
6,23
6,13
0
4,6,14
3,5,12,20
6,26
6,28
2,6
5
6
6,7,44
6,49
11,12,20
6,15,25,39
4,5
5,6,25
6,10
3,6,8,21
4,5,6,7
4,5
6,16,22,41
3,6,7,38
4,5,6,28
6,20
51
4,5,6,7
24
5,6,20,25,37
3,4,6,27,45
28
5,12
6,29
4,6,9
6,12,22
6,7
5,6,15
6,13,29
32
3,5,6,20
2,4,5,6,34,42
6,23
5,6,15
5,6,14
3,11
4,6,28
14,21,32
5,6,30,48
6,14
6,12,14
6
5,6,14,35,40
2
3,6,20
6,12,14,20,24
4,6
6,14,15
6,7,9,14,36,42
3,6,7,14
14,30
6,42
5
6,11,14,17,20,23,35
3
7,20
6,18,27
5,6
15,32
2,3,4,6,15
3,5,6,14,22,33
4,6,14,17,20,22,29,40
5,6,14,45
6,40
6,12,27,34
5,6,14,16
4,7,22,27
6,30
6
9,14,21,23,29,33
6,12,17,25
6
13
13,14,25,38
6,11,22,23,42
6,25
5,6,14,16
6
0
6,11,25
6,7,48
3,33,43
6,20
5,6,7
6,7
3,5,6,14
4,6,28
3,11
17,25,35
6,38
3,6,17,22
3,6,14,22
2,6,19
3,4,6,14,17,22,41
3,5,6,8
6,15
5,6,23
20
3,6,8,15,25
5,14,44
23,30
4,5,6,25,27
5,6,14,38
3
3,6,7,14
3,7,14
2,6,7,14
6,13,41
5,6,7,9,44
4,14,20
6
0
4,6,20,22
5,6,14,17
14
5,6,23,24,46
5,22
6,14,17,28
2,6
5,6,28,34
6,10,12
17,22
6,14,15,22
5,22,27
3,5,6,7,21,22
5,6,10,22
5,6,48
5
6,23,38,42
7,14
5,6
3,5,30
5,6
5,6,14,49
2,5,6,14
5,6,14,47
6,17
16,49
2,6,14
4,6,7,14,15,16
5,6
4,5,6,14,17,25
6,13,14,17
5,6,14,16,28
5,6
3,6,46,49
4,5
14,22
4,6,14
3,6,17
6,28
6,14,17
5,12
3,5,6,14
13
14,22,41
5,13
5,6,27
6,12,17,46
12,14,19,27,29
5,8,41
3,6,35,41
3,13,14,17
2,5,6,12,14,25,37,38
6,17
4,6
5,6,18,28
2,5
6
25
3,42
5,7,14,21
4,6,17
6,14,18,34
3,5,6,16,18,46
3,6,23,25
4,5,6,12,17,26,37
2,4,5,6
4,6
7,14
6,14
2,14,28,45
6
7,12,15,19
2
6,33
5,6,14
3,6,30,48
6
4,6,17,23
5,6,9,10
5,6,8,14
6
3,21
3,6,17,25
5,6
6,12,24,25,26,30
3,4,19,20,25,33
5,8,17
14,15,43
6,14,17,25
5,6,14
3,6,23,28,33
6,11,38
6,14,16
4,6,42
6,24,35
14,20,28
14,17
15
4,6,7
4,5,13,25,50
5,12,14
8,17
4,5,6,13,14
4,5,6,49
10,21,30
6,14
6
0
7,13,32
6
4,6,17
6,14,24
5,6,7,13,14,51
3,6,29,42
5,17,22
5,6,7,43
6
6
6,12,13,14,51
3,4,5,6,17
6,14,48
3,6,14,42
5,18
4,5,7,21,22,33
6
6,17,28
0
6,21,44
6
4,5,8,14,16,24
6,14
6,17,35
14,28
2,6
4,6,13,25,30,39,46
5,17
6,11
2,6,11,14
6,28
13
6,14
4,5,6,20,25,33,47
4,6,11,32
5,33,45
14,17,18,49
5,6,12,14,19,49
0
3,12
6
3,6,14
6,7,10,22
4,6
6,7,14,25
3,6,40,50
4,6
4,14,20
5,6
6,14
4,5,6,14,51
6,46
4,6
6,10,28
6,19,25,44
4,5
3,6,18,21,49
2,5,6
14,27,47
4,5,6,14,20,27,42
6,21
5,6,14
5,20
5,6,10
6,10
6,28
5,6,15,32,40
6,7,14,24
3,6,9
3,6,16,23
7,14,17,49
6,15,17
4,7
6,7,9,34
4,6,12,14,35,42
4,6,12,17,27
3,5,6,7,14,20
6,7,11,12,15
3,4,5,14,26,28
3,5,6,15
6,10,22
4,5,6,38,44
0
4,13,30
5,6,14
4,6,11,14,22,26
5,6,14
6,30
5,20,26
5,23,51
5,6,10,14,22,25,29
6,12,16,28
4,5,7,28
48
6
2,7,14,41
4,14
5,6,7,12,15,29
5,6,8,14,15,18,25,40,50
3,14,18,21,23
4,5,6,7,25
4,5,6,19,25,30,40
5,6,29
7,13,21,25
4,6,14
42
5,6
33
3,5,6,11,15,16,22
6,45
6,14
16
0
2,6,14,27
6,18
4,7,28,51
6
6,7,8,21,42
14
5,6,18,20
3,6,22,23
6,13,22,46
6,20,35
6,21,23
2,5,6,7,20,25
5,22
2,6,25,40
45,47
5,6,17,19,20
30
4,5,6,14,17,32
6,11,38
6,7
2,4,5,17
5,6,14
5,6,13
2,3,5,6,21
6,14,25
3,5,6,20
5,6,11,14
6,14
6,39
6,18,49
12
5,6,8,13
4,6,10,14,20,25,30
6,13,15,23
7,14,43
4,6,22
3,7,25,26
6
6,14,51
42
6
6,17,28,33
4,5,6,7,12,15,21,24,29
20
8,23,25
5,6,7,42
6,34
3,6,11,13
5,6
5,6,14,25,28,49
3,6,25
5,14,17,21
5,32
4,6,19,28
5,14,22
3,28,47
6,13,17
5,20,35
6,7,15,33
9,46
3,5,8,21
5,6
6,12,14
5,6,21,43
5,6
6,7
5,6,8,21
6
5,6,7,17
3,5,6,11,22
6,14,21
6,26
5,6,44
5,42
2,13,21
4,5,6,7,49
4,6,24
6,12
4,5,6,37
6,14
3,6,15
14,18,23
2,8,19
5,6,19
5,28
6,42
3,4,6,14,26
4,6,7,28,35
4,6,8,14,17,19,25,32
6,32
3,5,6,7,14,17,33
5,6,7,9,17,46
4,6,12,14
6,49
5,6,22
5,6,7,14,34
14
5,6,14
6,28
5
6
6,14,19
4,6,14,22,34,38
2,3,33
4,6,23,37,39,50
8,14,45
5,6
3,5,6,46
0
5
6,8
4,5,7,20,33
6,16,18,22,40
3,7
6,49
5,6,14,21,28
3,4,5,21
3,5,6
0
5,6,10,13,14
3,6,7,17,25,29
6,34
6
39
4,5,6
3,6,49
4,6,25
6,42
4,5,6
4,5,6,7,14
4,5,29
4,6,14
6,17,19
14
10
7,16,23
5,6,17,21
2,6,14
5,6
4,5,6,19,32,42
5,17
5,6
5,25
5,6
6,13
6,14,17
5,6,12,26,44
5,6,13,22
6,23,49
7,13,25,50,51
4,6,22,34,49
6,28,47
5,22
5,6
4,6,12,14,25,38
6,13,17
5,6,14,26,38
2,6,10
4,5
3,6,7,13
6,7,14,20,25,43
5,6,22
5,6
6,19
6
5,6,14,17
6,15,29
6,16,22
6,15
7,13,34
5,6,14,15,20
6,14,35
5,6,14,24
6,7
3,5,6,13
4,5,6,27
3,6,23
3
6,16
4,6
5,7,14,28,33
5,6
2
6
5,6,17,22
4,6,7,12,20
6,16,17
6
4,6,25
6,7,11,13
5,49
6,33
6,38
2
2,4,6,14,25,28
4,5,20,32
6,32
3,6,7,33
6,10,39
2,4,6,12
3,5
2,6,14
6,14,15,20
5,19
6,16,27
6,17,20
0
5,6,14
6,14
5,6,17
5,6,10,43
7,42
4,6,20
5,7,17,28
35,49
2,5,35
5,6,19
5,12,21
0
5,6
5,6,20,29
4,5,6,14
5,20,43,44
4,6,8,12,14,20,33,49
5,6
5,6,24,25
3,4,5,6,23,25,42
3,4,5,28
6
6,14
6,14
4,7,12
6,19,20,23,34
2,4,22
5,6,13,16
14
5,10,14
29
7,14
5,6,14,17
6,25,49
6,12,13,23,28
4,6,15
6
12,14,40
6
6,26,46
5,6,14,22,38
6,14,17,44
4,6,17,25
5,6,14,19
4,16,17,20,40
7,17
4,6,44
5,6,34
4,6,8,12,20
6
4,5,6,14,16,19
2,4,6,19,32
2,5,7,46
39
6,14,15
5
3,6,15,27
14
2,6,23
6,21
5,45
6,8
4
5,6
4,5,6,21
2,6,14,15
2,4,6,14,17,22
6,14
6,20,25
5,6,14
17
6,40
6,10
6,7
2,6,17
6,22
3,5,6,40
0
4,6,24,45
6
5,6,7
5,6,7,15,21
49
2,5,6,10,43
43
3,6,47
4,6,20,21
3,6
2,6,17,20,25,29,47
2,3
2,6,17
6,23,34,40
6,11,13
5,6,14,17
2,6,35
5,14,19,22
7,26
6,7,16
4,14,25
7,17
5,6
6,21,27,50
6,13,14,20
5,6,8,39
3,5,6
4,5,6,14,25
3,4,5,6,12
6,12
6,7
6
3,6,13
5,6
6,11,14
5,6
6,14,15,16,46
5,6,43
4,19
3,5,16
44
3,6,25
3,6,7,27
5,6,15
4,5,6,7,8,12,17
4,7
4,6,12,17
4,13
6,14
3,5,6,14,45
13,14,16,32,45,49
4,6,14,25
6,16,43
6,12,19,25
4,6
2,5,6,19
5,6,12,25
6
3,6
5,6,15
20
6,7,27
2,5
6
5,6,13
6,22,43
6,7,13
4,6,12,40
6
5,6,14
2,6,17
5
6,17
5
3,7
6
6,8,13,14,20,22
6,10,14
6,22,47
3,4,6
5
3,6,20
6,22
2,4,5,6,13,17
5,6,13
6,7
3,5,6,14,28,34
6,7
4,5,6,7,8,20
6,19,46
6,23
5,6,8,14,22
6
6,43
6,25,40
4
3,5,6,20
14,15,42
6,13
3,14,22,38,42,45
5,6,22,33
6
6,25
5
6,14
5,6,28,44
5
0
6,28
6
6,20
5,6,39
6
6,14,19
5,6,11
6
6,15
4,10,13,20,32
8,14
8
11,13,17,22,43
6,33
3,5,6
5,6,14,28
6,35
6,14
10,27
4,5,23
6,7,20,23
6
5,6
6
6,8,17
5,6
39
8,13
14
12
5
6,14,25
5,13
6,35
3,4,6,47
6,35
4,14,20,28
6,20,42
5,6,14,17,45
5
4,6,26,33
5,6,47
6,20,35,50
5,6,8,17
4,6,12
0
5,6,17
6
6,14,44
3,12,14,20
6,22
6,19
5,6,43
3,5,10,16
6
4,5,6,7,20
6,14,27
4,5
3,6,20
6,12,19
3,4
0
3,5,14,26,42
4,6,22
4,5,6
14
6,7
6,7
6,13,17
5
0
6
6,14
3,5,6,22,26,50
3,6,26
5
5,6
6
3,4,6
6,17,28,50
6
4,6,11,13
4,6
6
5
6,14
6,14,24
3,5,6
5
5,6,14
5,20
6,20
12
4,6,12,14
4,6,20
35,42
6
6,14,16,39
6,7,13,17,45
4,5,6,7,14,28,45,47
50
6
5,6,12
6,12,15
6
0
5,6,7,12,15
3,4,5,14,23,28
6,12
4,15
4,34
6
6,19,20
6,10,14
6,17,39
0
3,5
6,24
3,6,14
33
4,6,33
4,7,19
3,4,6,14
6,24
5,6,7,12,14
6,14
6,20
4,5,7
13,17
6
3,5,6,14,15,20
5,6,12
6
5,6
6
4,6,12
5,44
6
5
3,6,44
4
4,6
3,6,7,14
5,6,14
5
5,6
3,5,6,15
5,6,11
6,13
6,50
6,7,17,39
6
5
5,14,26
6
5
7,14
6,7,39
6
4,6,17
6,7,17,23,28,47
5,6,14,17
6,14,17
5,15
3,4,6,14
0
6,14,17
4,5,6,20,26,35
5,6
14,23,42
3,6
8,42
3,6
6,14
3,4,6,10
5,6
5,6,14
5,26,28,50
4,6,33
5,6
6,14
6
4,6,14
6,8,10,14
4,6
5,6,26,42,43
14,24
6,45
6,14,15
6,19,38
5,6,26
0
4,20
5
14
0
0
5
0
4
5
4,15
5,35
4
5,23
5,14
5
19,20,28
4,8,23,28,42
14
0
5,33
4,14,23
19,33,43
5,15
4,10
14
5,23
0
5,10
4
0
4
14,19
4,5
4
8
0
5,14
4,5,11
4,19
4,23
14
5,13,42
5,13
0
14,28
4
0
10,11,14
33
5,14,44,50
8,14,15,28
4,11,42
