2,3,4,5
6
7,6,8
0
6
9,4,6,10,11
6
6
12,4
6,8
13,3,14,5,15,16
17,5,6,18
5,6,19
20,17,14,6,21
12,2
13
22,6
10
17,6,10
5,6,23,11
6
24,25,6
6
24,26,7,4
27,3,14,21
3,14,6,23
14,6,28,15
14,5,6,29,30
31,2,7
32,25,6
33,5,6,19,8
6,11
17,4,14,15,10
34,13,6
35,13,17,6,15
36,3,4,14,8
3,5,6,21
7,4,6
33,2,5
37,14,6,16
38,5
14,6,10
7,3,14,5
28
39,6
2,3
7,5,6,29
6,8
35,26
5
6,21
40,13,7,14,5,6
14,6
41,5,6
34,13,3,6
22,5,6
3,4,5,6,29
3,5,6
6,28
25,3,4,6
6,21
37,14,6
34,4,6
22,5,6,15
4,6,28
17,5,6,42,29
6,43
26,6,11
25,7,3,6
44,5,6
38,7
45,13,6
40,2,5,6,21
6
40,41,4,14,6
10
7,5,6,23
31,20,14,6
44,12,6
45,17,7,5,6
12,6,18
6,11
20,7,46
3
2,17,6
31,47,46
26,2,5
0
4,14,5,6,42
37,27,48,41,4,5,6,11
2,3,4,6
14,5
17,5,6,28
2,5,6
20,4,5,6
12,20,49
7,6
14,6,19
22,3,6
37,30
6,16,42
2,4,6,10
17,6
14
4,5,10
6,10
17,3,6,16
50,4,5,6
4
50
35,14,21
14,6
2,4,16
22,5,15
17,6
6,8,43
6,29
24,25,17,14,6,11
12,14,6,15,18
22,14,10
25,7,14,6
49
6
32,25,3,5,6
4,21,18
4,6
6
0
31,32,36,6
26,6
22,5,6,19,30
20,3,5,43
34,6
5,19
22,5,6
3
25,4,6
25,7,5,6
12,6
13,17,5,6,19,10,42,18
3,8
37,17,7,28,46
6,21
6,46
5,6,46
5,6
47,2,20,7,6,28,19
41,6
3,5,6
12,5
44,6
3,29
2,4,6,15
35,14,5,6,16
48,6
5,6,15
4,14,6
25,22,14,6
33,14
39,31,32,3,6
25,6
13,5
5,6
6,21,15
0
39,14,6,15
36,13,3,6,21,11
33,3
48,25,5,6,29
20,17,4,6
3,4,5,6
5,6
2,17,3,5,6,16
6
13,4,5
36,38,5,6
2,6
9,14,5,6
3,14,6,11
6
24,5,6
38,48,12,5,6
24,4,6
6,23,8
22,3,5,6
41,26,17,5,6
41,13,14,16
6
6,49
34,3,4,6,21
2,17,6,18
5,6,28
26,6
17,4,6,16
7,4,5,28,8
38,6,16,8
31,25,3,5,6
25,22,7,3,4,14,5,6
37,14,6
14,5,6
13,20,7,6
25,4,5,6
7
25,5,6
5,46
44,5,6
12,4,5,6,21,19
20,6
4,6
26,20,17,14,5,6
4,6
22,3,14
4,6
6
17,14,5,6
38,22,6
39,14,6
47,12,6,15
12,22,5,6,42
20,5,6
4,6,15,8
22,3,4,6,28
9,6,28
25,14,6
22,6,11
7,6,30
7,5
6
34,7
7,14,5,6
37,3,6
7,14,46
5
7,5,6
50,2,7,6,8
25,22,6
7,14,6,42
17,14,6
5,6
50,4,5,6
36,13,4,14,6
22,7,5,6,15,16
14,6,30
6
5,6
12,3,5,6
5,6
17,6
12,25,14,5,6
3,5,6,28
3,6
20,5,6,23
27,4,6
40,4,6
12,3,6,18
28
5
17
7,14,5,6
3,4,5,6
14,5,6
4,6,49
17,7,5,6,18
9,6
5,21
17,7,5,42
0
40,34,7,4,5,6
35,3,14
3,4,5,6,21
6,11
14,6
38,20,6
25,20,17,5
13,5,6,15
14,5,6
37,12,14,6
6
16
28,18,23
51,47,5,6
6
0
25,3,6
2,20,4,6,10
44,12,6,10
6
13,5
40,22,5,18
5
37,2,3,19
47,48,22,4,5,6
22,6,21
6
5,6
6
7,6,15,18
7,5,6
0
17,3,6,15
7,14,6,21
17,7,5,23
22,4,5,29
25,5,6,15
2,14,6,49
10
44,3,14,6
25,17
9,38,7,6
6
4,5,6,11
35,14,5,6
4,5,6
32,7,6
40,6
2,25,6
17,4,6
2,17,6,21,28
44,17,4
34,6,46
35,22,17
7,6
26,2,5,6
14,5,6
48,4,6,10
20,4,5,15
4,6
47,44,22
3
0
4,6,43
50,14,6
33,25,5,6
5,6,15,18,29
48,44,25,4,5,6,46
14,5,6,11
20,5,19
5,6,11
2,21
39,32,22,6
4,6
45,36,12,13,14,5
44,13,17,4,6,23
14,5,6,15
34,6
22,14
21,10
7,5,42
20,6,42
2,7,4
35,6,29
14,6
5,6
51,38,2,23,29
50,7,6
17,4,14,6,42
12
4
26,5,6
17
13,3,6
36,22,7,6,28
14,6,28,16
14,5,6,10,29
25,5,6
38,12,14,5,10
37,7,3,14,6,42
2
14,6,23
5,6,21,30
48,20,5,6
35,7,6
45,20,14,6
25,5,6
6
36,17
3,14,5,6
5,6
13,5,16
4,14
6
6,18
20,5,6,23
6,16
48,12,5,6
34,5
4,5,6
6
7,6,28,18,8
17
14,6,30
6,46
12,14,6
4,5
40,13,14,6
17,5,16,29
25,3,6,15
48,15,18
44,13,6,15
27,5
41,4,5,15
6,18
34,4,5,6,16
6
22
14,6
2,7,3,4,6
27,4,14,6
20,10
2,14,5,6,42,49
19
36,6,18,29
14,5,42
13,4,6,16
14,5,6
24,35,3,14,5,6,15,46,30,43
31,3,5,6
7
33,25,14,6,19
6,42,30
3,4,6
22,14,6
5,15
2,5,6
8
32,14,5,43
17,4,5,6,15
25,4,6
6
9,3,5
26,17,14,5,6
37,12,17,4,42,49
12
36,17,3,6
13,5,6,49
35,2,6
22,3
2,5,6
31,2,6
22,17,14,21,30
14,6
14,5,6
47,20,22,3
3,4,6
37,6,46
41,4,14,5,6,15
6,16
14,6
20,4
3,8
5,6
3,14,6
5,10
2,6
4,14
32,48,33,4
6,29
25,6,10,46
4,6
47,3,14,5,6,16,46
36,12,6,8
39,25,4,18,43
6,28,19,46
0
14,19
41,5,21,15
7,3,4,5,6
2,6
22,4,14,5,6
7,3,4,6
3,6
6,8
17,14,5,6
7,6
14,43
26,6,18
6,19
50,41,2,5,6
25,20,7,3,5,6,23
3,6,18
0
0
7,5,28,42
51,14,6,28
3,4
6
34,3,5,6,29
22,3,14,5,6
6
34,5,6
26,14,6
0
27,25,4,14,6,28
5,6,19
7,4,14,6
3,6
6
14,6,10
39,37,17,14,6
31,13,17,3,6,19
22,14,21,46
17,7,4,14,5,6,15
25,6
17,4,5,8
22,17,6,8
14,6
6
34,2,17,5,6
45,26,4,5,18
34,6
26,17,4,6
3,4
12,4,14,6
12,4,14,5
13,25,20,3,4
14,6,10
50,6
41,6
5,28,11
17,14,6,46
48,17
17,6
3,14,6
14,5,6,18
14,5,6,16
14,5,49
37,7,14,6
20,6
14,6
14
0
2,22,3,14,5
25,4,6
40,22,14
7,5,6,11
26,20,4
7,14,5,6
0
34,20,6
44,14,6,16,49
40,14,5,6
14,6
2,6,10
3,6,28,49
5,6
15
5
47,36,2,6
3,6,42
26,5,6,18
0
38
6
0
3,4,6
22,6,11
6,10
40,27,13,5,6
0
17,6
14,6,28
34,13,5
14,43
37,17,6
47,4,5,6,10
6
44,6,8
36,7,6,15,10
45,47,14,23
34,27,5,6
25,7,6
13,7,5,6
14,6,42
5,6,28,23
14,5
38,22,6
37,4,6
12,6
4,6,46,49
40,6
32,22,3,6,43
6,28
40
2,7,6
22,5
25,3,6,49
47,17,10
3,14,6
2,6
7,43
5,6
13,22,6
39,36,12,14,6
2,5,6,30
7,5,6,15
3
27,7,3,4,14,6,8,11
7,4,5,6
9,44,6,11
3
22,7,6
22,6
25,4,6
13,6,18
23
22,6
12,17,5,6,8
27,5
4
2,20,4
6
25,22,5,6,15
24,25,6,18
20,6,29
7
13,7,14,5,6
37,17,10,8
6
6,8
3,14,6
6,16
12,13,25,22,14,6
20,4,5,6
50,37,7,5,11
0
13,14,6,29
22,6,16,18,8
14,5,6,10
35,4
20,14,6
14,21
50,17,5,6,21
48,4,6,21
17,4,6
5,6
26,13,4,5,6
22,4,5,6
44,12,5,15,43
13,5,6,16
44,14,6,21,28,10,49
34,22,3,5,6
17,5,6,42
13,7,14,5,6
6,23
2,22,7,28
41,15,49
47,2,17,3,14,5,46
40,6
3,4,5,6
50,35,2,6
36,7,14,6,42
36,38,22,4,14,6,18
35,14,5,6
9,20,7,4,14,6,11
17,5,6
5,6
48,6
35,17,7,5,6,21
2
2,7,6
12,22
7,14,5,6,19
22,14,6,16
35,25,17,4,6
22,4,5,6,11
20,17,6
6
20,5,6
13,25,3,6
17,14,5,28,30
25,3
5,6,29
17,3,4,6,30
14,5,6,46
14,5
31,14,5,6,18
3,4,6,18
7,5,6
0
7,5,6,46,30
17
5,6,10
7,6
4,14,5,6,46
12,14,5,6
0
5,6,10
12,6,21,23,49
48,2,17,3,10,8
3
36,2,5,6,49
7,14,6,10
24,44,4,6
6
5,6
27,4,6,23
7,3,6
2,6,29
3,14,5,6,28
7,5,6
5,6
14,6
26,14,5
6
34,5,6
5
51,6
5,6
6
48,13,3
12,7,3,14,6
45,7,6,46
6
14,5,6,21
31,37,7,6,21,8
20,6
17,6,15
13,3,15
50,48,4,14,6,16,46
2,7
22,6
34,35,17,3,14,6,15
6,15
39,3,14,5,6
7,14,6
14,5,6
0
26,6
25,17,6,8
44,17,3,4,14,5,6
17,14,6,16,18
17,7,3,5,42
14,5,6
3,6
47,9,4,6
33,22,7,4,6
6
45,20,17,4
7,3,6
13,2,20
35,44,6
36,4,14,6
22,17,7,14,6
20,5,19
14,6
20,6
20,3,5,6,42
7,3,4,5,6
17,3,5,6
9,20,7,5
22,5,6
35,20,5,6
40,9,12,5,6
27,4,6,19
14,6,28,30
25,4,6,46
2,6
14,6
20,14,46
20,6
20,7,6,28
13,25,6
4
36,6,46
25,14,6,19,18
14,6
44,7,6
51,4,5,28
4,6,42
22,6,28
15
17,6,28
12,2,5,6
5,6,28
14,10
22,5,6
25,22,17,5,6,21
2,22,5,8
33,12,17,6,19
4,6,16
6,15,18
7,5
13,6
25,17,6
2
3,6,16,46
12
32,44,6
14,5,6,18,23
31,20,6,8,43
51,45,3,5
4,6,23,8
14,5,6,18,43
13,21
3,6
15
37,22,17,14,6,30
6
6
41,7,3,5,6
25,6,15
12,7,6
9,13,5,6,16
7,6,21,29,49
22,4
12,13,6,28
2,3,6,21
22
27,3,6
40,6
5,6
22,5,16
39,4,14,5,6,21,28
39,20,17,4,6
6
3,16
13,22,4,6,11
6
33,2,5
2,4,14,5,23
27,17,3,6
2,3,14,6
17,5,6,21
6,8
6,18,46
2,3,6
17,6
5,6
2,6,21,49
6
5,8,46
6,16,29
17,5,6
48,33,17,4,6
6,42
9,33,6,19,16
51,6
8
5,6
7,3,4,6
12,7,5,6
12,3,6,21
7,4,5
5,6
7,5,6,49
14,6,21
6,15,42
5,6,21
6
3,6,18
5,6,15
5,6
31,25,14,6,10,49
6,16,29,30
31,36,25,5,6,28,46
2,7,4,6
31,2,17,3,14
6,18
44,17,5,6
44,5,6
6
25,22,17,7,6,28
22,17,6,11
44,5,6
6,16
6
3
20,4
12,5,21
12,22,7,6,19,49
26,17,6,19
14,6
22,14,6
22,5
51,26,25,14,6,8
26,4,6
31,22,3,6,49
24,12
33,13,3,6,42,11
50,14
6
26,14
32,44,3,5,6,8,46
13,22,5,6
39,7,3,14,6
4,6,46
7,4,14,6,46
51,7,5
32,48,3,6,23
17,6,8
14,6,21,43
9,17,5,6
7,14,5,6
48,22,6
14,6
17
3,14,6
48,6
20,5,6,21
33,17,4,14,6,21,19
22,5
44,7,6
40,13,6,49
40,6
14,6,15
17,3,6,42
12
20,4,6
5,6,42
47,25,14,5,6,29
17,4,6
22,7,5,6,42
14,5,6,28
5
6
14,6
9,14,16
6
37,3,5,6,16
4,6
6,42
31,3,14,6,23,43
17,6
3,5,6
14,6,15,30
14,5
14,6
13,17,14,6
12,6,10
48,4
31,4,14,5,6,49
31,4,6,16
2,7,3,4,6
48,4,6
14
12,5,6,19
34,5
5,6,8
4,6,42
25
13,6
22,6,29
22,3,6,21
34,48,41,4,6
20,4,5,6,15,8
7,4,6
4,5,6,19
2,14,5,6,28
5,6,49
17,7,6
36,14,6,11
14,5,6
47,3,6,11
9,5
5
4,5,6
4,6,15,46
14,6
25,17,4,6
44,6
48,5,6,15
17,6
51,12,20,3,5,6
4,6
22,5,6,15,10,42
7,6,15,10
20
25,20,4
4,6,16,8,29
22,14,6
35,3,5,6,28
5,6,46
40,6,23
51,22,5,6,23
22,7,3,14,6,19
44,3,6
38,48,25,3,11
25,4,6
33,2,17,7,6,29
2,5,6,21
3,4,14,6,16
51,2,14,5,6
47,7,6,28,18
20,5,6,8
0
14,49
32,12,2,4,5,6
48,6,10
6
31,40,35,13,6,30
34,5,6
48,20,14,6,23,30
32,44,2,6
35,33,5
25,4,5,6
4,14,6
25,6
20,4,6
33,17,6
38,2,22,7,14,6
33,13,5,30
17,7,6,18,29
5,6,28,8
5
22,14,6
39,47
13,20
20,22,4,5,6,8
6
36,6
38,14,5,6,19,11
5,6,28
4,6
40,14,5,6,10
5,6
22,7,4,6,23
47,7,6
6,19
20,22,3,5,6
7,6
3,14,5,15,10
17,3,5,6
7,14,5,6
14,6
34,12,2,14,6
20,6
17,6,28,18
41,13,17,6
14,43
45,14
6
45,7,4,14,5
7,14
14,6
39,51,47,25,22,7,6
14,6,23
24,17,6
7,6
13,14,5,6
5,6,10
2,6,8
5,6,49
45,34,4,6,30,49
6,29
13,3,6,15
26,6
2,3,21
6
4,6
35,4,6,23
13,16
48,33,17,5,6,42
20,3,6,16,30
5
34,5,6,16
22,5
51,22,6
5
13,14,6
44,20,17,3,4
44,4
4,14,6
20
2,6
20,22,6
5,6,21
5,6,42
17,6
17,4,18
13,4,5,6
12,17,4,6,15
14,5
39,33,14,6,28,42,49
51,25,22,7,3,6,28,18
45,17,28
7,14,6,21
20,14,46
6
5,6,21
22,5,6,16
6
3
22,3,5
6,21
48,6,30
44,22,7,6
3,4,14,5,6
3,14,5,6,16
6,21
6
37,22,6,16
37,22,4,6,30
48,6,18
50,9,44,12,6
25,7,14,5,42
35,2,5,6,18
25,3,10
12,2,22,4,14,5,6
6
13,17,7,6
4,5,42
27,3,14,6,15
9,46
9,13,5,6
35,5,6
45,13,25,17,6
40,20,6,18
44,5,6
2,25,3,14,18,46
25,42
22,4,6,29
13,6,10
3,4,5,6,28,42
34,6
17,6,23,29
17,6,43
2,6,21
6
37,17,7,6,10
44,4,5,6
3,5
20
34,6
6,15,42
33,20,6,42
0
6
12,6,18
49
39,14,6
40,22,5
25,5,6,49
5,6
51,48
14,19
6,21
36,3,11
48,14,5
5,6
0
2,14
20,7,4,6,18
22,17,6,11,30
22,4,5
14,5,46,30
6
2,6,23,49
22,8
48,7,6
39,33,3,5,6
17,14
9,25,22,14,6
17,7,5,6,15,23
3,6,49
7,4,5,6,15
6
20,6
3,5,6
26,20,4,15
4,19
39,14,6
50,6,28
7,3,6
34,25,14,5,16,43
22,6
20,5
14,6,8
20,5
48,22,6
4,28
20,14,6,28,19
3,14,5,6
22,3,4,14,19
13,5
4,6
22,4,14
6
13,30
39
4,14,5,6
22,6
22,6
44,7,3,14,5,21
27,20,4,5,6,30,43
3,5,6
33,6
51,48,13,3,6,19
34,6,18
35,3,6
3
5,6
15
17,14,6,11
14,6
20,5,6,30
45,17,5,6
40,6,16
5,6
34,22,3,5,6,21
37,20,7,5,6
41,20,14,6
20,22,17,6,19
3,14,6
47,10,43
22,6
41,17,7,6,10
17,5,6
0
3,6
3,4,6
20,5,6
4,5,6
20,4,6
14,42
22,5,6
6
5
40,18
20,19,42,29
5
12,22,5,6
48,14,6,15,19
2,23
6
5,6,28
14
44,17,14,5,6
51,5,6,19,30
45,2,17,14,5
22,14,6
48,3,6
6
17,6
20,14,42
38,3,15
6,23
14,6
12,13,3,6,21,8
22,4,14,6
19
28,23,8
9,41,14,6
45,22,17,4,14,6
3,4,5,6
6
39,22,4
6,15
33,5,6
20,17,14,6
14,6,21
6
39,25,4,5,6
36,13,20,14,5,6,23,43
0
6
19
7,6,10,16
3,4,5,6
4,5,6,42
44,12,22,17,6,19
50,6
3,5,6,18
14,6
5,6,21
7,4,6
38,4,5,28,30
5,30
43
20,5,21,28
39,41,20,5,6
22,6
33,22,6
4
38,4,5,6
14,5,6,30
17,28
6
20,17,14,6
50,17,14
47,7,4,5,6,15
7,6,19
14
34,4
7,14,5
33,25,7
4,6
5,6
2,6
38,7,5
22,3,4,14,5,6,15,29
33,22,14,6
7,5,6
6
12,20,14,28
4,6,18,49
17,5,6
34,36,33,4,6,42
25,20,7,6,30
50,34,17,6
20,3
5
17,5,6,21
33,26,13,46
14,6,42,43
7,3,14,29
44,2,6,28
13,14
44,3,6,10
6,46
22,3,5,6
27,4,6
2,4,14
3,4,5,6,11,30
38,6
7,14,6
48,14,19
3,5,6
44,7,5,6
14,5
34,44,6,28
35,22,7,14,6,46
3,6
50,3,6
6,46,30,49
6
6,8
22,16,29
2,29
6
25,5,6,49
46,30
25,6,19,18
36,5,6
50,7,4,6
17,6,46
17,6,21
17,3,4,14
14,5,6
2,5,6
17,4,6
4,14,5,29
20,14,5,6,10
0
51,44,7,5
14,6
9,12,13,6
38,6
36,27,5,28,10
5,46
27,5,6
20,18
26,5,6
25,6,11
26,4,19
0
27,3,4,6,21,28,16
7,3,46,30
6
48,25,7,14,5,6
7,6
12,22,6
13,17
45,3,4,14,5,6
13,2,25,5,6
14,6
12,25,18
12,7,4,5,6,30
36,17,7,6
34,13,4,14,5,6
14,6,8
20,7,6
48,13,3,6
51,14,5,30
39,9,25,4
17,5,6,10
4,14,6
2,14,6
13,5
35,2,22,5,6
0
7,28
0
12,3
32,2,7,5,46
4,14,6
24,36
4,14,6
6,46
14
40,41,7,5,6
22,17,7,6
45,33,7,6,16
47,13,22,21
4,5,6,15,10
45,7,4,6
24,22,7,5,6
6,30
7,14,6,15,11
45,25,3,5
5,6,46
2,5,6,42
6
14,5,6,15
4,6,8
5,6
12,2,6
51,13,4,6
9,13,6
22
35,33,26,25,20,14,6,8
9,6
44,5,6,21
13,6
35,20,5,6
47,20
5,6
3,14,5,6,19
12,4,6,42
47,7,6
14,6
44,6
39,48,14,5,6
2,25,6,42
7,3,4,14,6
3,5,6
37,14
6,19,42
7,4,5,6,46
25,17,5,6,19
17,3,6,19,49
12
33,2
45,5,6,43
20,3
5
2,22,14,6,10
45,2,20,3,5,6
4,8
36,25,22,6,42
4
20,6,8,49
6
32,7,14,6,23
6,28
12,14,5
3,4,6,21
17,5,6
17,6
3,6,23
14,6,11
20,14
4,6
22,6,15
44,4,6
7,6
9,26,4,14,5,6,8
2,5,6,18,29
7,4,6
17,3,18
32,2,3,14,5
6,18
5,6,16
2,20,14,5,6,28
14,6
22,14,6
0
23
5
17,5,10
5
37,6
6
4,14,5
25,7,3,6,15
6,28
51,22,4,14
6
12,6
12,6
9,13
25,14,6,19
5,6,49
13,14,5,6
14,6,18
3,14,5,6
22,17,7,4,14,6
13,6
22,17,28,46
44,6
25,20,23,8
5,6
20,15
47,35,20,4,14,6,21,30
13,2
3,6,11
5
26,6
5
33,13,17,4,5,6
17,5,6,15
4
48,22,4,6,23
4,6,19,16,43
26
7,4,14,5,6
22,6
17,46
14,5,6
7,14
12,7,14,6
32,14,6,30
20,6,23
5,6
14,5,6,28
7,43
17,6,23
47,5,6
39,14,28
6
14
38,5,6
25,6
20,5,43
0
5
3,5,18
20,7,6
17,4,5,6,29
27,7,16,49
6
41,20,22,3,14,6
9,12,22,7,5,6,46
44,13,14,29
7,14,5
5,6,29
26,6
13,5,6,21
6,28
50,17,14,6
6,43
48,5,15
14,6
6
5,6
17,6,16,49
6
25,6
13,4,5
22,5,6
22,6
2,6,8
5
7,6
20,6
6,23
13,4,14
6
34,27,7,4,6
5,6
14
6
17,7,5,46
14,6,23
22,14,19
7
25,17,14,5
44,7,3,5,6
6,15
20,22,3,4,6
31,7,14,8
4,5,6,42
20,17,7,14,5,6,15
27,22,6,23
27,14,6
20,5,6
26,3,5,6
36,22,6
2,5,6,46
36,14
3,6
4,14,6
50,34,4,14,5,6
47,22,17,14,5
25,22,7,14
25,20,6
9,13,25,17,14,6,42
12,5
2,3,4,5,6
48,12,13,2,3,6,19
24,6
6
6
7,6
6
5,6
22,6
4,14,6
20,3,6
20,7,6
7,5,6,30
20,3
7,5,6
22,4,6
31,20,11
24,34,5,6
41,17,14,5,6
6
31,7,6,28,42,43
2,6,16
14,6,30
7
20,6
50,25,6
25,5,18,23
17,6
38,26
12,17,4,14,5,6,8
14,6,29
48,5
20,5,6,23
14,5
26,14,6,11
5,6,16
4,5,6
4,5,6
20,7
25,3,14,5,6
22,4,5
45,41,6,15,18,43
7,6,15,10,49
31,19
5,6
39,17,14,5,6
20,14,6
2
3,6,28,8
41,6
4,5,6
12,7,6,30,49
17,4,6
22,3,5,6
13,6
45,31,3,4,14,5,6
40,7,3,6,28
51,2,3,6,19
5
51,29
5,6
20,3,14,6
4,6
36,20,14,18
17,14,6,18
3,14,6,18
5,28
38,14,8
4,14,46
17,4,14,6
27,25,17,6,19
35,38,22,6,30
13,2,14,5
7,3,6
45,3,6,28
24,6,29
3,6
9,7,14,5,6
27,5,6,18
22,14,15,19,42,29,43
0
50,17,18,11
31,14,5,42,23
14,6
38,5,21
14,6,29
6
7,4,6
14,42
3,6,29
2,25,17,4
14,6
9,22,5,19
40,14,5,6,42
6
44,6
13,22,4,5,6,19
22,6
32,2,22,5,6
20,3
5,6,23
6
22,6
6
20,4,5
41,3,6
14,5,6,42
2,25,4,5,6
25,22,4,6,42
5
25,3,6,29
39,7,5,6,16
3,5
2,14,6
5,6,15
5,6,43
5,6,8
25,7,3,8
17,6
3,29
4,5,21
28
13,7,4,5,6,30
0
0
39,50,7
9,36,20,14,18
9,14,6
33,6
14,5,6,8
50,3,6
39,22,14,5,6
26,3,5
48,33,22,6
38,17,4,6,15,30
47,32,14,6,28,8
25,7,6,21
17,7,6
40,32,14,5,11
7,5,6,21
28
6,10
3,4,14,6
47,13,7,6
20,4,6,10
13,2,20,5
7,29
27,20
22,3,10
12,2,22,14,5
14,6
22,17,6
19,42
4,5
4,5,6
37,36,14,6
22,3,14,5,6
25,5,6,16,29
5,6
20
14,6
51,22,14,6,18
31,14,5,6
20,17,3,6
5,6,28
0
14,5,6
48,2,17,6
12,6
2,17,3,4,14,6
32,20,22,6
4,5,18
27,14,6
14
44,20,6,10
39,25
7,5,6,42,29
20,3,6,21,23,43
3,6,8
22,6
6
0
5,6,30
6
33
31,13,4,5,6
2,5
16
7
4,6
7,3,5,6
25,14,6,15
14,6
14,5
0
7,14,6
25,3,6
24,17,4,6,46
17,14,5
37,14,6,11
4,28,19
36,14,19
9,35,7,5
9,12,22,6
45,37,26,25,3
7,3
22,3,6
32,22,5,6,11,30
6
48,5
51,31,2,6,42
13,22,4,14,6,15,10,46
6,21
2,25,14,5,11
12,13,2,5,43
2,23,49
50,22,4,6
14,6,21
33,12,5
20
6,16
13,4,5,6
18
36,6,19
25,3,5,6,28,15
40,2,14,6,21
26,20,7,6
20,17,5,6,10
17
33,6,21
14,5
3,4,14,6
51,12,5,21,29
6,16
2,22,5
6,28,15
31,4,6,42
44,5,6
9,34,7,5,6,8
39,20,6
4,6
35,20,4,6
6
2,5,6,21
14,6
3,5,6
6,16
4,6
17,6,28
6
22
36,6
7,14
3,6
3,5,6
22,6,21
36,2,25,4,6
3,6
9,6,16,46
6
26,3,14,10
20,22,17,4,5,6,49
38,2,14,6,16
27
6
5,6
12,22,4,5,28,16,46
13,5
5
2,22
5
2,14,6
20,7,5,6
37,9,14
7,6,28,23
6,28
20,14,6
12,17,16,29
44,6
4,5,6
7,6,16,43
9,12,5
20,14,43
13,7,6,15
20,14,6,21
22,3,14,6,15
5,6,43
3
12
33,6,30
5,11
27,3,14,6
4,6
39,20,22,3,6
5,15
40,44,20,14,6,21,28
5,6
45,20,6
0
3,6
4,6,15
3,14,6,21
6
4
37,6
6,21,8
9,17,7,4
17,6
4,5,6
25,6
38,3,5,6
12,3,14,6
6,11
50,13,6,28,10
4,28
34,6
45,3,6,21
2,6,21,29
17,14
3,4,42
48
17,4
44,4,6
6
14,5,6,23
20,7,3,5,6
13,3,18,23
36,5,23
7,14,6,46,30
5
9,6,49
5,42
41,6
13,7,5,10,46
49
5,6
12,13,3,6
6
13,3,14,6,28,23
37,6
6
13,3,5,21
36,10,8
4,6
25
31,14,6
3,4,14
51,5,6,29
51,25,4,14
4,8
2,14,5
12,7,3,5,6
7
4,6
6,21
36,6
33,26,4,6,21,46
0
2,3,6,15
13
5,43
4,30
31,38,7,4,6,15,29,43
9,41,2,6,30
35,22,3,5,6,10
40,20,23
31,6,15,16
20,17,5,6
3,6
9
17,4,6,29
14,5,6,21
40,4,5,6,21
7,14,5,6
36,17,6,42
14,5
6,8
9,2,6,46
6
4,5,6
6
47,38,22,6
27,13,20,5,6
31,14,6,10
22,3,4
6,15,19
48,2,4,5,42,30
45,4,14
22,5,16
20,6,18
14,16
3,5,6,28
44
48,22,14,5,10,18
3,4,5,6
25,10
17,49
4,5
20,6
45,13,20,5,6
16
0
6
5,6
12,20
6
38,5,6
17,4,6
13,6
36,13,20,3,6
6
12,14
5,6
26,6
35,25,20,5,6
26,3,14,6
6
22,4,5
2,20,7,6
12,13,4,5,6
20,46
38,27,12,4,14,5
12,22,4,6
5,6,18
20,5,6
50,22,6
3,6,49
41,12,25,7,3,5,6,23
7,3,14
36,4,6
27,44,6
22,3,14,6
20,3
33,6,8,43
14,6
5,6
17,6
37,2,25,5,6
13,3,4,10,29
40,6,18,46
44,14,6,18,8
27,3,6
9,3,4,5,6
2,6,8
13,6,19
12,2,17,6
0
0
7,14,6
5,6,19,23
44,2,7,3
7
6
32,7,3,4
6
14,6
5,49
23,8
33,4,6,28,23
20
4,14,5,6
5
4,5,6,19,10,42,29
15,30
13,6,46,30
26,20,6,11
6,21
2,14,18,43
25,4,10
22,7,5
41,7,6
31,20
40,4,14,6
28,10
12,14,5,6
7,5,6,23
22,3,18
12,6
13,4,14,6,19
31,2,5,6,21
6,8
14
2,10
34,27,7,6,21
26,13,3,5,18
6,11
34
51,6
4,6,10,29
5
14,5,6,21
4,6
4,5,11
38,22,3,6
33,2,20,22,6,10
33,5,6,30
17,14,6
9,27,20,6,30
36,25,14
24,25,7,6,21,15,19
5
5
12,5,6
14
4,14,5,6
6
14,6,16,30
4,5,6,19
3
44,12,13,14
50,6
5,6
6
5,21,8
2,3
3,14,6,28
5,6
20,3,4,6
7,6,15
12,4,5,6
13,6
31,27,6
25,22,6
14,6
30
14,6,15,46
13,6
6
39,9,2,28
14,5,6,21,10
9,3,6
22,5,29
26,12,22,5,6,16
44,6
3,4,5
25,28
20,4,6,49
14,5,6,46
3,15
25,4
0
25,6
14,6
13,4,6
3
6,28
22,5,6
7,4,5,6,42
31
14
5,6,10
6,11
25,4,5,6
6,46
24,27,13,6
4,5,6,21,18
6,23,11
20,22,4,6
37,12,20,6,29
25,7,5,6,46,43
45,50,40
22,5
7,6
25,4,6,10,30
17,4,5
22,7,4,6
22,6
25,22,4,6
5,6,16
7,5,6
48,14,6
33,20,7,14,6,46
6
41,4,5
27,13,3,5,29
14,6,16
37,47,38,5,21,49
14
24,13,7,6
4,14,5,6
5,6,19
6
6
5,11
5,46,11
39,40,4,5,6
16
41,4,14,6,21,28
14,6,18
38,20,5,6
36,7,16,46
13
20,14,5
3,6
26,12,5,21
26,13,22,4,6,10
6,29
2,3,6,28
3,19
47,6
25,7,4,14,15
36,3,6,18
2,5,6,21
2,3,5,6
13,17,14,6,23,30
31,20,5
37,22,16
5,6
36,5,6,42
22,14,5,6
5,6
23
14,5
3,6,42
12,7,6,23
13,25,5,6
41,17,7,6,42
22,4,6
25,3,4,5,10
36,6
31,25,5,6
3,14,6,15
5,6
20,5
14,6
3,6
5,6,23
13,5,6
2,22,6
22,3,6,19
22,6
2
31,13,3,49
14,5,6,21
37,2,5
20,4,5,6,16
25,3,5,16
50,4,5
39,35,25,22,17,7,6,16
3,4,6,21,18
6
32,6
22,5,6
5,6,18
7,6,10
25,22,5,6
17,5,6
40,12,8,46
4,5,6
44,2,22,5,6
10,42,23
13,25,4,6,46,49
32,6
17,5,6,16
17,6
33,20,14,6,11
6
7,5,6,21
14,6,16
17,14,5,6
0
35,14,5,6
22
12,2,5,6,46
14,5,16,49
48,17,14,5,6,18
5,6,28,19
14,6,19,18
14,16,30
38,27,13,17,6,15,10
5,6
4,14,16
24,14,5,29
5,29
6
12,17,4,6
3,6,16
6,11
4,14,30
25,5,6
25,3,6,15
4,6,21,46
24,17,6,28
25,7,6,23,8
2,14,5,6,19
37,4,5
49
13,17,7,5,6
48,17,5
2,22,6
14,5,6
4
30
25,17,6
40,14,6,10
13,7
22,3,6
22,14,6,18
24,2,14,6,8
5,6,49
13,17,7,5,6
25
5,6,15
12,20,3,6
20,7,6
25,3,5,6
13,5,6
26,25,6
4,14,28,10
3
26,7,14,5,6
41,6
45,14,6
17,6,42,30
41,7,3,6
38,13,17,5,6
51,14,5,6,42
25,20,17,18
7,6,29
44,5,6
31,5
48,13,25
6
48,14,6,18
31,4,6,10
6
25,3,14,15,16
38,4,5,6
14,5,6
36
12,2,7,18
13,3,43
4,5,18,30
6,10
3,6
25,6
14,6
6
17,4,6
14,6
5,6
5,6,19
6,10,29
13,4,6
37,12,14,5,6,28
2,4,5,6,11
50,7,5,6
12,7,5,19
0
17,14
6,15,10
25,6
6
22,6,49
20,22,6
7,6
14,6,21,28
47,5,6,23
5,6
5,15
5
4,14,6,46,11
20,22,5,6
17,14,6,43
7,5,19,49
4,5,6
34,13,5,6
3,4,5,6,16
45,3,5,6
2,15
31,5,6
25
14,5,6,18
41,20,17,5
0
47,35,4,6
35,41
50
7,6
13,4,5,6,49
13,5,6,10
4,6
17,6,19
3,6
33,7,4,6,21
22,18,43
14,6
20,46
20,14,6
33,6
51,45,14,5,6,21,10,8
5,6
9,22,6
22,14,6
44,3,6
28,19
4,14
51,12,2,4,6,16
13
44,20,14,5,6
7,42
20,3,5,6
7,14,6
14,5,6
35,6
17,5,6
6
9,14,5
4,14,6,18
13,25,7,14,6
44,14,5,6,19,16
6,8,49
5
12,5,6,29
14,5,6
3,14,5,6
44,7,3,5,6,19
22,5,6
20,6
5,6,28
5,6
15
38,13,6,15
6
5,6,43
2,25,14
34,3,14,5,6
44,25,4,14,5,30
27,3,18
40,22,14,6
36,14,5,6
6
5
50,20,6
6
22,4,14
41,6,15
25,14,5
38,25,6,16
32,2,25,6,29,30
6
13,3,6,10
4,5,6
6
50,17
6
5
3,14,6
2,7,6
13,4,5,6
20,14,6
3
3,6,28,42
48,13,14,6
25,6,23
45,14,6,28
34
44,14,6,46
22,4,14,6
17,6,18
47,4,5,6
39,41,6,19
6,49
31,7,3,4,6,8
14,6
31,26,6
48,3,14,6
31,22,5,21
7,3,4,5,6
3,5,6
6
36,20,6,29
22,5,6,10
3
37,4,6
6
45,2,22,10
37,6
4,14,6
25,6,21,29
3,14,5,6
50,25,7
27,5,6,10
17,4,5,6
22,6,42
37
6,10
9,6,21
25
13,3,14,5,6,21,46
3,5,6
6
36,27,20,3,4,5,21,30
4,6,11
44,2,5,6
12,13,6,15
3,14,10
5
9,14,6
4,5,6,28
14,10
0
38,33,17,3,14,6
0
6,10
45,37,3,5,6
9,36,33,5,6,28
3,14
4,5,6
27,17,6
12,6
38,25,17,5,6,21,11,30
14,6
36,35,3,14,42
5,6,23,8
6
32,20,14
14,6
37,32,13,6,46
50,32,2,6,18
22,4,18
6
25,7,3,28,19
6
2,25,7,6
4,5,6
51,5,6
34,7,6,29
9,14,5
6
5,16
6
20,28
22,3,16
47,9,7,5,6
6,43
25,7,4,14,15
40,9,5,6
5
31,3,4,6,10
5,11
3,6,43
4,14,6
9,25,6
20,4
6
20,6
14,5,6,29,49
6,10
9,22,6,10,42
31,6
4,5,6
6
17
51,13,17,7,5,6,30
38,4,5
7,6,21
37,6
22,17,11
3,4,6
34,3,6,28,42,18,30
6
7,6
13,6,15
4,6
0
13
38,25,6,15
38,4,14,6,28
51,38,44,14,6
5,6,21
22,4,5,6
7,18
3,6
14,49
22,7,4,5,6,15,10
4,6,49
22,6,21,16
20,7,4,5,6
6
41,7,14,8,43
6,21
5,6,19
4,6
25,4,6,19,23
3,5
3,6,21,30
4,14,6
14,15
0
5,6
6,16
7,14
14,6
17,14,19
6,23
13,4,5,6
7,3,5,11,30
44,14,5,21,29
42,30
6,43
22,4,6
5,6,29
3,6
14,5,21,28
47,22
2,22,17,6
14,8
20,7,5,6,19,16
48,3,6
3,5,6,21
6
4,14,6,10
6
25
32,27,4,21,23
3,4
2,6
27,3,4,6,43
14,6
31,13,5,6,30
6
14,5
14,6,43
22,14,6
6
5,6
7
7,6
25,3,6
13,4,14,6
20,5,6
22,7,3,6,19
14,6
13,6,42
7,6
22
13,14,6,46,43
13,4,14,5,6
0
5
4,5,6,10,8
25,4,5
6
5,6
37,7,6
12,3,4,6,29,11
35,4,6,10
25,29,30
27,25,17,5,6
22,17,3,4,6,10
13,25,22,17,6,11
13,3,6,49
32,36,26,25,5,6
22,14
4,6
14,6,18
13,17,14
3,6
44,5,6,21
50,25,7,5,6,8
32,6,42
47,12
35,29
14,5,6,10,16
5,6
6
51,5,6
48,20,4,5,15
44,14,6
37,14,5,6
14,6
14,5,6
20,3,5
6,8
27,2,20,3,14,6,10
17,7,5,6
20,4,6,18
25,14,6
2
20,22,17,4,14,6
22,5,19
33,5,6,21,42
6
6,19
47
6
12,13,28
25,6
31,34,36,12,14,5,43
34,7
6
4,5
18
14,6
17,5,6,10
2,17,3,4,6,43
4,49
7,3,5,6
25,17,4,14,5
4,5,6
34,48,7,4,6,19
3,4,14
4,14,6,19
17,5,6,23
6
17,6
18
7,6,28
7,4,14,6,28,30
5,42
0
7,4,14,6
3,5,6
2,17,6
14,5,6
32,2,14,5
7,5,6
4,6
14,6
13,5,6,8
38
2,7,3,6,21,19
45,50,7,14,5
2,5,6,23
22,17,3,4,14,5,6,15
5
33,13,4,6
40,47,5
31,7,4,14,5,16
25,4,14,5,6,42,43
50,6
3,4,5
7
3,5,6
4,14,6
4,6,21
20,6
7,3,6
33
12,4
37,36,13,25,14,6
3,6
33,22,14,5
12,2,6
25,14,6
6
6,28
27,6
48,14,5,6
12,5,6,21,10,11
41,6,46
22,6
35,5,6
26,3,14,6
3,14,6
31,5,6,15,8
50,17,4,14,6
7,5,6
6,23
13,14,5,6,21,11
14,11
23
26,20,4,6,15
26,4,5,18
13,14,6,29
12,14,6
2,22,18,46
22,6
9,17,3,6,18
0
31,48,2,17,6
4
41,7
6,21,15,18
36,6
9,14,6,43
9,5,6,10,8
4,14,6
17,6,10
3,5,6,15
5,8
41,25,6,28
20,6
47,3,14,6,19,42
14,6
25,14,6,46
34,25,4,14,5,6
2,7,3,5,6,15
31,2,4,14,11
6,21,8
32,3,5
50,14,5,6,42,11
22,5,6
4
2,14,5,6
27,48,4,6
9,14,6
50,5,6
14,19
33,6
6
13,20,6,10
7
17,5,29
20,22,17,6
0
5
2,14,6,23,46,29
7,14,8
5,6
35,21
35,17,5,6
34,20,4,14,5
8
5,29
17,6,10
41,12,4
17,7,5,15
35,5,18,23
26,2,14,5,15
45,37,6
35,17,4,6
12,5
17,4
24,7,6,28,46
14,5
45,5,6
14,6
22,5,6
22,5,30
14,6
14,5,6,42
25,6
14,6,16,30
44,13,6
0
3,5,6,8
50,3,6
32,14
20,6,10
5,6,29
10
20,3,14,6
38,22,6,15,10
6,46
6
34,3,6
24,3
6,42
35,14,5,6
20,17,7,3,4,6,15,18
13,2,17,4,16
6
35,22,6
25,4,6,21,28
6
3,4,6
4,14,6
50,7,3,5,6,10
40,2,22,4,6,28,10
3,6
26,4,6,19
7,3,5,6
3,5,6,46
0
0
37,4,5,6
35,41,6,42
13,5,6
13,2,6
17,7,4,5,30
22,19
3,4,6,18
38,33,5,30,49
3,14,6
13,6
4,6,29
44,25,6
12,6
4
33,3,6,19,18,49
34,41,4,6
6,42
51,40,14,5
39,3,6,10
33,20,5,6,46
35,20,22,14,5,6,16
6,21,10,42,18
20,4,6,16,42
6
6,15,29
0
25,6
2,3,28,42
4,5,6,19
7,14,5,49
44,4,5,6
17,6
7,4,14,5,11
31,22,21,23
5,6,29
25,20
14,5,6,21
9,25,3,4,5,21,15
50,2,20,17,6,23
51,13,6
13,17,7,5,6
4,5
36,6
12,2,6,29
33,6
48,25,20,4,6
4,14,6
48,16
37,7
20,17,6,21
7,14,6,10
17,5
40,7,14
4,6,19
17,14,6,16
22,7,3,6
13,4,5,6
4,5,6
25,5,6
44,6,29
22,6
4,6
20,6
6,21
14
22
33,7,4,14,16
31,6
27,41,7,14,5,6,21
14,6,19
25,6
5,6,21
31,5,6
7,14,15
20,6
38,5,6,30
2,5
7,14,5,6,16,18
17,5,6
14,5,6
6,18,30
17,5,6,46,49
7,3,6
20
41,3,6
12,25,7,6
0
20,6,49
32,38,27,25,6
48,6,28,19,11
3,5,6
25,6,23
12,6,43
6
6
14,5
27
51,3,5,6
5,6
47,20,3,5,6
3,5,16
7,6
26
17,6,29
5,11
6,46
5,6,46
27,5
45,50,7,8
4,6,21
5,6,18
20,14,6
33,26,6
27
44,13,20,17,6,21
48,4
6,28,42
12,16
12,17,4,6
44,13,5,6
6,19
31,12,25
37,7,3,6,21
13
14,5
3,14,6
7,5,6,16
14
36,22,19
50,12
7,3,5,6,46
25,5,6,16
35
35,6
26,22,3,6
37,6,15,8
25,17,7,4,6
12,20
6
37,3
41,14,6,42
5,49
7,4,5
6,19
25,4,6
5,6,29
31,13,17,3,6,28
12,4,14,6
6,49
48,17,7,6
3,4,6,23
20
27,5,6
3,4,5,6
7,5,10
4,5,6
45,6,15
47,4,6
22,3,23
24
7,6,18
50,37,7,5,18
37,6,19
7,6,30,43
50,13,5,6,10
51,37,4,14,5
20,5,6
17,7,6,15
5,6
5,6
6
6,21
22,7,5,6
25,6
6
22,6
14,6
6,21
41,25,7,6
19
13,6
0
3,6
14,6,15
25,3,14,6
13,6,21
22,7,16
38,14,6
5,6,16
17,5,6
45,7,3,4,15,46
5,6
35,20,6
6
14,5
48,4,14,6,49
2,5,6
22
6
3,14,6
2,3,14,5,6,46
35,22,7,4,5
14,5,19
17,6,8
26,5,6
12,6
6,10,29
47,7
36,33,25,3,5
22,17,6
3,14,10
35,20,3,46
32,25,5,6,18
7,5,6
14
7
36,35,12,5,6
36,22
12,19
27,22,5
4,14,6
51,41,44,20,4,14,5,6
47,6,18
47,6
6
5,6
20,3
34,22,6,15
4,5,6
48,7,3,14,5,6,18
6
6,16
47,4,14,6
31,20,7,14,5,6
35,3,14,5,6
22,6,8
14,5,6,19
5,10,11
12,3,14,6
25,5,6,16,49
18,29
4,5,6
17,6
22,6
2,5,6,18,30
12,22,3,14,6
36,25,6
39,4
12,22,3,14,6,18
44,26,4,6
37,25,17,6
37,5,6,21
6
14,15,19,42
38,14,5,6,18
14
25,6
22,3,6,28
20
40,6
41,17,6,21
4,19
40,27,7,28
14,6
34,25,5
5
38,14,6
44,25,4,5
17,4,6
41,12,6,19
22,6,49
37,20,14,6
27,17,3,18
22,5
41,6,42
20,17,7,4,14,8
38,6
47,22,3,4,6
12,3,4,6,8,30
5,6,8
13,6,15
20,17,5
51,4,6,15
51,24,27,41,6
3,6
34,3
2,14,23
7,6,15
22,6,42,29
12,13,5,6,15,18
36,4,6
14,6
20,17,5,6,46
34,12,3,6,16
5,19
17,5,6,10
5,6
51,13,22,17,7,14,6
6
6
35,22,3,5,6,21
7,6,21,42
27,20,10
27,3,4,5,6
40,5,6
14,5
22,14,5,6
47,7,4,6
27,20,3,6
14,5,6,16
51,2,4,5
20,6
7,14,6
12,4,14,5,6
7,14,6,28
20,22,4,14,6,16
22,15
41,5,6
37,25,3,6,29
3,6,21
40,7,6
51,14,5,6
3,14,5,6
32,5
25,6
27,20,3,5,6,19,49
4,6
17,6
2,6,19,10
13,4,6,21,18
3,6
44,3,6
0
3,5,46
20,5,8
24,17,7,3,5,6
48,4,6
14,6,15,16
14,5,6,18
4
22,14
14,6
14,5,6
20,3,6
0
14
5
3,4,14,5,6,16
2,6
20,17,14,6
6
39,50,3,5,6,16
13,4,28
2,5
4,6
34,14,6
20,14,6
24,7,4,5
45,32,13,4,6
12,4,14,29
3,14,5,30
14,5,23
25,6,21,19
6
32,3,4,5,6,8
6
14,6
5,6
14,6,30
25,5,6
33,13,7,4,6,8
20,5,6,28
5,6
32,17,14,5,6,30
4,6
2,17,14,5,6
5,6,29
5,28
13,5,6,43
25,14,5
4,5
12,6
20
6,18
12,14
4,5,6
27,4,6,29
20,3,6
39,12,14,6
14,5,6,16,46
40,13,7,4,5,11
6
6,16,11
24,14,28
20,3,4,6,21
36,4,5,6,10
5,6,23
7,6,28,15
25,6
20,4,14,6,10
13,5,6
39,12,6
45,7,4,6
45,20,6
6
5
2,17,4,6
22,7,14,5,6,46
3,6,19,16,42
41,3
7,6
17,7,3,6
25,22,4,28
38,6,15
7,28,49
25,7,5,6
2,22,7,4,5,6
17,5,6
0
22,14,6,19
13,3
33,13,3,6
36,20,4,5,11
22,6
3
7,14
7,28
48,4
20,22,7,14,19
22,3,14,6
9,36,4,6,8
25,22,6,11
17,4,5,6,16,42
3,14
12,4,5,6,21
39,4,14,23
2,5,6,28
36,35,20,7,14
51,38,14,6
36,6
20,3
22,5
36,6,11
5
7,5,6,10,16,46
12,25,14,5,6,15
26,25,6,18
38,4,11
35,12,22
6,16,49
39,5,6,19
2,20,3,6,49
7,3,14,23
14,8
40,36,7,5,6
27,5,6
17,4,6,15,19
7,3,5,6
44,25,7,3,14,5,6
25,22,4,5,6
33,13,7,4,14,5,6,28,10
24,5,6,15,16
44,17,14,6
7,5,6
34,3,5,6,10
25,5,6,29
5,6
44,5,6
41,21,8,30
39,9,6,15
21
7,5
32,14,6
4,6,30
25,7,3,6,21,42
47,32,6
38,17,7,5,28
20,6
14,6
3,5,6,30
50,40,14,5
13,5,21,43
32,6
12,5,6
31
33,3,30
22,5,6
5,6
3,14,6
51,12,28
0
14,5,15,11
7,6,28
6,46
5,6
2,22,17,4,6
22,6,42
17,14,6
26,12,17,3,6,46
2,20,7,4,6,21
6,42
3,4,5,6
25,14,6,21
22,3,6,43
6
17,7,4,14,6
7,6
14,6
48,4,14,6
0
3,5,6
36,7,6,19
28,23
46
9,14,6
32,35,3,5,6
31,4,5,6,23
12,7,6,21,29
41,17,14,6
36,13
20,5,6,16
3,4,5,10,16,43
25,3,4
22,17,14,5,6,8
14,5,43
6,16,42
32,3,6
26,25
35,14,6,16
15
5,6
25,5,6
14,6,15
6
9,7,14,6
2,7,6,21,46
24,25,17,6,43
14,5,6,46
33,7,5,6,28
20,49
20,14,11
2,20,14,6
6
35,14,6
0
32,20,6,28,15
5
6
4
25,17,14,6
13,3,6,10
22,5,8,46
20,17,3,6,21
7,28,49
5,6,42
25,20,10
51,17,4,14,5,6,21
25
47,33,22,7,6
5
27,5,6,42,8,43
14
7,3,6
24,47,9,6
45,25,22,4,5
34,4,6
12,3
20
36
22,6,11
50,7,5,6,30
22,14
14
25,6
4,14,5,6,42
2,6
5,6
3,4,14,6
2,20,14
40,26
20
25,22,6,19
20,22,4,6
17,5,6,15
20,6,16,46
6,15
5,6,15
38,6
5,6
34,36,22,14,6
24,35,13,7,14,5,6,49
36,3,6
22,6
6
5,15
48,14,5,6,28,16
20,4
7,6,18
7,6,16
35
32,41,6
5,6,18
3,6
6,23
40,7,5,6
7,3,5
5,6
6,49
5,6,15
25,4,6,21
40,4,6,21,11
13,3,14,5
37,2,4,23
27,17,5,6,43
45,47,41,22,4,14,6,28
50,14,6,19
0
20,5,6
33,4,14,6,16,11
39,3,5,6
14,5,6
14
14,6
22,17,5,6,29
38,7,15,16
7,5,6
4,28
25,5,6,21,28
6
34,6
31,5,6
12,17,5,6,23
25,20,6
44,22,14,6
27,22,17,5,6,15
51,5,6
2
41,5,6
6,10
24,31,2,25,3,5,6
13,2,17,4,14,6,42
20,3,14,5,8
2,7,14
5,6
39,35,2,3,4,14,5,6,18
6,42
7,6
4
5,6,15,18
12,2,6,16
2,5,6
4,5,6
0
6,21
6
4,15
6,21
3,19
6
7,5
26,6
14,5,6,42
37,44,7,4,6
47,33,6,28
12,28
51,22,17,5
9,25,6,21,8,29
22,4,6
6,8
5,6
14,6
41,13,5,6
39,51,24,22
31,25,17,14,6,42
6,19
35,14,6
38,14,6
12,14,6
25,20,3,14,5,6
48,5,6,28
4,6,15
51,12,4,46
51,2,20,17,3,5,6
26,5,6,28
3,5,6
6,29
4,6
41,4,14
50,7,4,14,6
6
47,17,6
25,20,14,5,6,21,8
33,26,14,5,6
17,6,28,16,29
3,5,6,16
44,3,8
48,25
6,28
38,13,3,6,49
0
0
4,5,6
12,6,19
7,6
36,2,7,5,6
7,14,5,6,21
4,14,6
17,6,42
26
39,13,14,5
32,34,7,5,6
2,5,6
37,6
41,3,14
17,5
3,14,16
4,14,5
17,5
6
24,22,6,16
5
20,3,14,29
3,5,6,10
13,14,18
4,14,16,43
33,7,43
22,5
5,6
36,41,12,13,20,6
22,6
24,17,6,28
0
2,4,5
20,6,43
6
14,6,10
5,46
32,38,4,6
32,35,4,6,28,8
20,14,6,19
7,15
7,6
2,5,6,16
17,6,42
25,4,6
4,6
3,4,5,6
7,5,6,21,19
25,4,6,49
31,7,30,49
14,5
37,48,12,14,6,28
14,29
32,14,6
3,14
6
14,5,6
25,7,6
5
5,23,11
22,14,5,6
0
34,6
24,20,6,19
3,4,14,6
51,7,6
9,12,25,17,4,5,6
22,17,14,19,18
44,5
25,6
12,14,5,6
12,3,5,6
17,5,6
47,12,13,3,5,6
24
22,6,15,46
50,5
20,6,46
17,6
12,25,14,6,19
5,46
6,19
3,6
6
17,3,6,21,49
12,5,6,28
38,3
6
25,14,6,21
14,5,6
2,14,23
3,5
5,6
17,6
6
7,6
13,20,22,4,5
32,3,6
41,3,4,14,5,6
2,16,42
17,6,29
48,14,6,21
3,5
2,14,6
40,29
5,6,30
5
39,31,38,49
2,3
31,20,17,7,14
31,20,14,10
6
17
47,14,5,6
3,14,5
13,6,15
35,5,6
13,20,4,6
36,17,7,14,5,6
5,6,19
31,6
14,5,6
17,7,4
2,14,5,6
20,4,5,6,18
19,42
47,22,6
3,6,42
7,3,14,5,6
32,14,6,15
41,6,23
14,6
48,41,17,5,6,21,28,16
44,13,20,5,6
20,3,6,16
13,14,6,28
14,5,6
2,25,17
6,18
9,6
31,20,17,14,5,6,30
4,6
22,4,14,5,28,46
25,17,14,6
31,47,22,5
44,7,4,5,6,46
27,14,5
3,16,42
36,44,13,2,22,5,6,23
3,4
12,6
39,3,6
0
6
2,7,14,5,30
6,16
37,48,2,17,6
13,25,4,5,6,42
4,46
2,22,17
3,4,14,5,6,16
21
27,4,5,6
5
44,5,6,46
6
20,7,4,6,16,18,46
2,3,4
2,4,6
2,14,5,6,11
7,14,5,6
4,6,28,11
5,6,21
13,20,17,5,6,21
7,4,5,6
6
24,12,14
7,14,5,28
17,7,5,6,16
6,30
26
36,20,5
3
35,25,20,3,5,6,19
4,5,6,19
36,17
36,13,20,5,6,23
3,4,5,6
0
25,4,5,23
41,17,3,6,21
38,22,17,7
5,6
34,25,4,14,6
44,2,14,5,6
6
2,14,5,6
7,5,19
14,6,16
6
13,5
2,20,16
12,20,22,5,6,18
38
36,5,21
38,25,14,6
17,14,5,6
0
51,6,30
25,14,6
17
3,14,5
34,14,6
3,6,42,8
2,5
40,5,6,30
4,14,6
39,7,3,5,6
7,6,42
17,6
20,22,3,4,14,6
47,9,3,5,6
41,13,22,5
23
14,5,6
35,17,6
32,14,6,21,19
48,22,17,5,6
26,25,7,6
2,6,49
48,22,14,5,6,8
22,14,6,28,15,18
22,7,5,6
14,29
4,5,6
13,6,10
4
5,6,21
24,6,21,16
4,28
5
5,6
6
20,22,17,14,6,42
0
40,4,6
12,20,4,5,6,42
37,14,5,6
5
12
6,16
6,15
44
5,6
7,5,6,11
2,22,14,42
44,6,15,8
14,5,49
2,14,6
20,14,49
32,13,7,4,6
2,20
5
50
2,3,4,6
44,4,6,18
31,13,22
3,4,6
7,14,6
17,5
14,6
14,6
4,6
5
25,5,6,15,42
5,30
35,5,6
3,5
6
50,4,6
2,7,4,14,6,28
27,14,6
27,25,20,6
22,17,14,6
22,7,6
3,6,21
51,4,14,6
38,3,5
6,19
2,25,6,42
29
6,18,11
5,6,16
2,25,20,5,42,30
44
20,6,28,42
41,14
40,44,14,5,6
14,6
5,6
4,6
7,6
20,4
9,14
22,14,5,6,19,10,29
3,11
47,14,5,6
2,20,3,5,6
13,17,5,10
23
5,19
0
5,6,28,15
12,25,17,14,6,42,29
17,7
3,6
33,6,49
25,7,3,4,6,21,42
25,4,16
20,14,6,8
50,5,6,21
12,3,4,6
0
3,14,6
6
40,14,5,6
41
7,6
9,22,14,5,11
6
44,6
12,20,5,10
6
14
7,6
44,20,5,6
3,5,6
25,7,6,46
3,6
3,5,6,16
47,12
33,22,6
5,6,28,10,8,11
12,6,10
6
31,48,25,20,6
20,6
5,18
14,5
4,5
25,5
5,6,15
35,25,17,4,14,6,30
6,10,23
12,2
14,6
22,6
2,17,14,5,6
2,7,5,6,43
40,13,6
8
14
4,5
3,14,6,28
37,14,6
20,22,6,21,8
20,5,6
32,25,20,5
22,3,14
35,7,3,6,8,29
17,6,18
22
6,46
4,14,6,11
32,20,14,6,29
37,25,3,6
5,8,30
14,5,6
48,5,6,18
51,33,2,3,5,6
2,6
0
17,6
14,6
13,25,14,5,6
13,7,5,6,29,30,49
17,5,6,15
4,15,46
12,4
5,6
20,6
35,14,5,6,30
5,18
12,7,6
44,6
17,7,6
3,5
26,12,16
17,8
6
25,3,14,5,6
40,2,6,42,29
37,7,6,21,46
26,5,6
27,17
35,20,5,6
17,3,5,6
25,4,14,5
27,3,21,43
40,20,5,6
51,24,6,11
22,5,28,15,18,30
51,34,17
44,5
34,35,2,5
3,4,6
37,7,28,11
22,14,5,6,28
3,19
24,14,6
6
0
35,14,6
5,16
51,44,3,11
4,5,6,8
12,5,6
5,6
18,23
27,6
22
39,7,3,21,49
5,6
9,13,5
3,5,6,30
31,5,6
37,6
9,12,25,20,5,6,28
5,6
17,5
26,4,6
2,7,6,8
24,6
5,6,10,42,46
22,6
3,5,6
9,14,6,15
13,4
22,5,6,8,46
35,5,6
7,5,6,23
13,6
6,23
7,4,14,5,18
20,5
21
14,5
0
45,2,3,6
12,2,17,6
34,25,3,4,6
3,6
17,4,14,6
6
14,6
0
5,6
13,14,6
31,17,6,21,23
6,18
3,11
3,14,5
32,25,5
44,22,14,6,8
17,3,6
7,6
37,47,4,6
12,3
14,5,6,19
12,5,6
6,21,11,30
12,22,4,6,29
22,4
9,20,22,5,6,21,46
6,30
35,20,5,6,19
6
5,6
24,40,14
4,14,5,6
41,7,5,6
45,14
41,17,6,19
34,33,21,19
51,35,25,4,14,5,6
35,20,29
20,3,4,6
9,10
25,6
14
9,4,6,16,8
12,14,6
48,20,5
44
14,6,46
9,4,6
4,5
7,14,6
25,5,6,46
3,14,6
2,5,6
42
26,5,6
34,2,17,6
6,42
22,3,14,42,29
7,4,5,6
25,5,6,21
26,17,3,23
7,5,6
31,25
13,6
2,5,6
12,6
7,3
34,6,21
34,17,5,6
41,13,14,6
7,14,6
6
27,25,22,17,3,14,6,8
6,49
27,2,6,21
22,7,14,18
13
24,12,6,16,43
2,25,5
33,14,5,6,43
5,6
5,6
14,5,6,16,18,8,46,11
21
48,26,4,6
47,17,7,3,4,5,6
13,22,14,8
25,22,17,6
22,6
7,6,28,11
3,10
14,6
3,5,6
26,12,6
5,6,28
36,33,14,6
2,5,28
5,6
22,6
6
5,29
26,5,6,10
26,22,5,6
47,7,5,6,16,46
3,6
6,15
17,14,6,21,16
4,5,6,46
22,6
6
25,20,4,5,6,19
0
20,6
44
2,17,6
20,4,6,28
13,17,14
12,17,5,6,42,18
12,7,4,6,11
26
5,23,49
25,6
7,14,6,42
5,6
40,9,41,25,3,14,5,6,18
5,19
13,5,6,10
38,17,7,4,14,6,49
7,3,4,6
22,4,28
12,13,4,6,19,46
6,46,49
6
37,12,2,5,6,43
0
3,5,6
32,6
50,3
4,5,42
39,35,4,5
6
51,4,15,29,49
17,5,6
12,13,7
40,22,5,6
25,22,4,14,6
6
27,5,28,29
7,16
48,7,4,14,6,18
40,4,5,6
13,4,5,6,49
36,6
35,17,19
4
48,13,14,5,6,49
3,5,6
7,4,5
24,3,5
27,6
5,6
17,14,6,8
31,5,6,10
4,6
32,44,4,14,5,6,21,23
41,17,6
35,26
7,5,6
14
4,5,18
31,34,13,5
20,14,6,21
6
14,6
6,18
3,14
7,3,5,6
6
14,5,6
28,43
41,6
14,6
17,4,6
6
22,4,5,6
14,5,6
4,6
0
7,6,46
36,20,7,6
13,4,14,6,21
4,14
6
21
5,29
13,2,19
2,5,6,21,8,46
12,3,6
25,5,6,15,49
35,7,29
12
31,6
6
25,30
6,18
47,32,28
20,17,5
6
36,13,4,21,29
17,29
5
7,5,6
48,14,43
25,5
44,14,10
27,12,6,18
22,7,6
6
12,21,46
12,22,17,14,6,29
14,6
4,14,6,19
3,5
39,23
35,20,10
0
2,7,14,6,11
24,13,6
41,6
7,5,6,28
25,6,46
7,4,5
40,6,16
22,4,14,5,19,49
14,6,42,49
12,4,6
5,28,8
25,6,19
13,6,15
5,42,23,30
3,5,6,15
6,19
12,17
20,7,6
13,22,4,46
47,6
5,6
20,3,5,6
5,6
5,6
39,14,6
17,5,28
5
20,6
4,6,28
38,6,19
26,20,6
33,28,19,11
6,28
25,6
14,6,10
25,14,5,6,16
46
17,14,5,6
31,3,6
17,14,6,21,15
20,3
34,12,14
5,6,15
14
22,4,14,19
12,6
22,4,5,6,28
24,4,5,6
27,48,5,6
41,2,7,6
25,6,15
45,47,6
5,6
22,17,4,6
20,17,14
2,17,3,5,21
36,20,5,6
37,4,14,6,21,15
45,2,4,5
3,5,6
17,3,5,6
48,14,6
31,5,6
6
36,5
6,42
7,5,6
2,6
6,28
6,43
5
7,4,14,6,18
6
31,5,6
6
38,6,21
42
33,12,3,5,6,19
7,4,6
9,35,22,6
20,6,21,29
4,14,6
5,6,10,43
12,7,4,5,6,28
6
6
22,3
7,4
13,10
3,6
34,14,6,16
48,25,5,6,42
22,7,3,5
7,3,4,5,6
50,7,14,6,43
38,7,14,5,6,49
6
22,5,6,30
41,7,5,21
14,6,42
3,4,5
44,25,20,4,6
13,14,6
6,23
7
22,4,14
2,4
17,7,6
13,14,6
17,5,6,46
5,6,42
38,4,6
26,42
5,28
22,14,5,6
50,21
7,42
51,5,10,42,8
25,6
5,6,28
24,4,6,28
14,6,21,11
45,6
4,6
25,17,6
2,6
38,4,14
39,5,6,10,16
6
3,49
17,5,6,42
22,6
4
20,3,5,6,42
4
20,5,6,15
17,7,4,5,10
17,6
27,5,19
24,7,3,5,29
2,4,6
12,5,11
3,6
0
20,3,4,6
2,14,6,28,18,8
20,14,6
41,5,6,28
25,4,19,18
12,20,3,5,6
50,3,5,6,42,43
17,6
20,17,7,4
6
5,6
2
5,10
6
14
20,6
6
2,14,5
14,5,6
14,6,42,46
39,7,4,6
3,14,42
38,22,7,19
48,44,3,6
5,6,42,29
41,6
3,14,6
5,6,15
37,13,6
22,3,4
45,14,5,6
2,6
38,5,6,23
2,6
50,17,5,28
17,5,6,29,43
9,5,6
27,22,4,5,6
4,6
20,22,5,6
45,4,5,6,10
7,4
41,5
38,6,15,10
13,22,7,3,6
39,12,22,3,6
9,19
13,14,5,6
14,6,42
12,14,6
17,14,5,6
20,7,5,6,15
33,2,5,28
47,6,21
6
4,5,6,42
7,4,6,30
6,10
22,5,6,49
31,17,7
39,14,6,42
50,14
8
2,3,5,6
4,6
39,17
5,46
6
34,25,7,4,6,28
33,3,5
48,4,14,5,11
6
5,6
5,6,49
41,7,3,14,5,6
6,30
4,6
40,41,12,22,5,6
20,14,6,49
14,5
22,7,6
48,2,17,4,5
31,6
17,5,11
14,6
14,6
17,6
5
48,2,20,6,18
25,5,6
24,9,6,21
3,5,6
6
48,14,5,6,46
51,41,6
20,14,6
34,5
14,6,16
48,44,22,5,6
3,6,19,16,29
48,6
51,14,5,6
47,27,2,5,19,23
0
6
6,21,46
9,5,6
6,18
14,5,6,19
12,5,6
4,5,6
17,7,5,8,11
26,17,4
37,17
5
24,34,5,6
32,6,18
44,22,14,6
23
14,6,10,23
2,14,6
35,6,10
6,8
39,45,12,3,6
26,6,16
44,4,14
3,5,6
6
39,5
13,3
41,20,14,6,21
25,3,16
31,16
32,17
27,22,4,10
6,15
6
13,20,22,5,6,18
33,22,5
20,22,5,6
6
45,48,7,5,6
22,14,6,28,49
3,14,6
33,13,5,6
44
13,6
22,17,4
13,14,6,19
35,22,14,5
24,4,28
6
13,5,6
6
35,22,6
3,6
41,12,20,28
3,14,5,6,46
4,5
36,2
14
33,7,14,6,21
36,22,5,6
35,44,13,22,6,21,28
40,3,6,16,29
22,4,6
17,14
38,22,6,19,29
12,20,4,5,6
38,13,7,4,5,6,30
5,6
37,44,3
22,4,5,10
6,8
3,14
0
14,5
26,17,6
6,23
17,5,6,19,16
4,5,6,21
31,9,17,7,6
47,27,7,4,5,6
5,6
3,6
27,41,6,16
36,6,28,15
22,6,15
17,7,14,5
31,12,17,4,5,6
2,4,8
6,21
3,14,5,6,42
17,14,6
25,22,4,14,6
40,7,10
14,5
41,5,6
2,4,5,6
31,6,16
6
17,5,6
31,6
22,8
17,5,6,28
51,14,5,6,18
20,14,5,6,18
6,16
6
6
21
5,6
2,17,5,6
7,6
4,6,15
14,5,29
2,17,4,5,6,15
25,20,22,6
6,11
36,2
38,12,20,5,6
17,3,6,19,16
9,27,20,4,14,6
37,7,14,6,21
14,6,21
7,6
2,22
36,7,6,46
27,4,14
20,6,16
51,6
6
7,6,49
7,5,6,49
51,20,3,14,5,6
13,14,6,30
20,14,5,6,30
31,5
14,5,6,42
5,6,11
17,4,6
7,4,5,6
14
14,5,30
13,6
17,4,21,46
40,35,7,5,6,16
5,6
6
45,31,44,6,46
14,5,19
5,10
6,18
6
4
9,35,25,22,17,6
6,19
20,3
2,23
3,14,6
20,22,5,6
47,4,5
6
50,22,6,18
17,6,11
20,3,10
37,6
24,14,6
40,47,25,20,19,43
45,25,3
25,6
2,20,3,5,6,15,46
14,6
12,25,4,5,6
20,17,6
14
12,4,5,6
13,2,7,28
17,6
20,6
7,6
44,4,14,5,6,46
33,6,16
6,23
0
0
9,17,14,6,28,30
4,6,29
47,34,48,2,43
0
25,6
2,7,6,21
24,40,5,28
14,6
7,5,6
2,4,5,6,16
50,20,14,5
6
5,6,21
4,14,5
0
14,6,15
4,5,6,19
17,5
14,21
0
26,7,4,6
0
3,6,8
51,26,20,6
20,7,14,5
26,3,5,6,21
6,15,42,49
5,6
20,17,6
5,6
37,13,20,4,14,16
47
22,6,42,23,49
32,5
13,22,17,5
5,6,21
20,22,14,6,28
51,17,7,3,6
7,4,5,6
2,3,5,6,43
3,6
37,7,5,6
32,15
50,6
2,3,21
5,6
4,6,15
22,5,6
14,6,29
14,5,6
3,6
45,20,5,6
4,6
39,41,17,6,8
12,6,23
4,6,10
39,22,17
6
3,5,6
34,38,17,23
36,3
35,13,25,4,14,5,6,19
7,14,6,18
9,27,25,7,5
13,5
33
40,4
6,23
17,21,42
20
33,25,5,6
39,2,20,3
5,6,16
14
17,7,5,21,29
32,7,6,21
7,14,5,6,21,15
6
25,14,6
32,5,6
12,6,21
12,17,4,5,6,46
38,20
18
37,14,5,6
41,6
45,35,2,19,29
6
3,14,5,6
20,17,5,6
44,3,6
13,3,6
4,14
50,12,7,6,42
34,36,6,19,43
20,6
35,3,6
25,6,21,28,15
4,14,5
12,7,14,6
41,20,3,6
6
6,19,11
38,5,6
20,17,14,18
41,5,6
14,6,42,18
2,20
26,5,8,11
13,25,6
14,6,43
24,6
6
13,5,6
50,5
13,3,14
14,6,21
5,6
2,17,7,10
39,51
3,4,14,6,42
34,5,6
7,14,6
37,20,17
22,4
22,14,5,6,11
13,6
25,6
7,5,6,10
5,6
26,25,6
25,14,6,46
14,6
4,14
22,6
20,22,14,6,28
7,3,6,10
24,14,42
13,5,6
14,6,42
13,6
32,14,6
14,5,6,42
47,17,3,6,28,42
6,10
12,25,3,28,16
13,7,4,14,6
3,14,6,49
24,5,6,18
5,6,10
47,7,6
48,22,6
20,6
25,22,17,4,6
39,33,22,6
14,5,6,11,30
5,6,21
3,23
0
0
6,21
24,2,4,14,6,10
3,6
2,22,14,29
48,12,22,42
33,20,6
36,22,5
17,7,4,5,6,28,46
25
5,6,28
12,25
0
5,6
3,5,6
31,17,3,21
3
25,3,6
13,6
14,11
34,41,17,6,42
6
13,5,6,16
34,20,28
2,17,7,6
36,20,5,6
20,14,6
9,4,6
0
12,6
39,31,47,3,5
34,5,6,16,23
17,5,6
14,6,21,42,18
13,6
3,4,6,43
35,14,5,6,21
12,5,6
4,5
12,3,5,6
45,11
17
17,5,6,15,19
5,6,28
47,2,25,6,19
5,6
51,48,6
17,5,8
38,6,49
12,5,6,23
45,4,5,6
4,5,6,28,29
6,29
2,7
36,3,5,21
38,12,25,17,7,21
6
6
31,17,19,42
22,5,6
36,7,6,19,42
14,5,6
6
38,7,3,6,46
17,5,43
14,6,21,28
48,6,21,11
47,5,23
40,22,8
20,6,16,42
12,13,14,5,6
5,6
5,6
50,32,4,5,6
44,26,20,5,6,15,23
20,14,6,28
9,4
33
12,13,17,7,6,28,42
0
13,5,6
22,3,4,5,6
28
51,6,15
32,12,25,14,15,11
3,4,5,6
33
44,6
24,26,6
38,5,6
6
51,6
12,3,6
5,6,21,42
20,3,6
17,5
22,7,5,6
7,4,6
47,38,6,16,30
6,18
12,7,4,6
22,6,19
48,2,14
3,6
7,3,4,14,6,21
17,4,5,6
17,6
14,5,6
6
3
7,3,14,6,19,18
31,22,17
0
4,6,19
12,4,6
4,5,6
5,6
0
3,6,23
2,7,6
39,14,6
48,17,3,4,42
14,6,19,29
48,3,5,6,46
44,12,13,22
20
3,4,5,6
38
33,20,6
2,6
4
3,6
17,14
14,6
5,6,21
17,7,5,6,18
7,5,6
25,17,14,6
3
4,14,6
25,22,7,6
17,14,5,28
7,16,18
14,6
6,29
5,6
32,48,26,5,6,11
17,6,43
10,16
40,14,6
2,5,6
12,22,4,5,6
5
32,2,14,6
27,4,5,6,19
4,6
39,13,22,8
3,5,6,28,10
4,6
31,5
13,20,22,3,4,6,28,43
4,5
12,3,5,6
44,13,7,15
14,46
27,14,6
0
9,6,23
6
25,14,5,6,42
46
5
0
20,6
17,4,6
35,4,5,6,10
25,5
37,38,5
4,6,23
25,3,5,6,21,15
17,14,5,6,10
3,6,28,30
6,21
3,14,6
31,48,13,4,19,8
25,5,6,42,29
27,6
12,22,3
41,14,6
32,48,4
0
47,3,5,6,21
6,19,42,8
25,17
20,5,6
51,4,6
36,22,6,8
5,6,46,29
26,5
45,48,20,6,21
27,7,14,5,6
2,20,7,5,6
20,14,5,6,42
5,18
17,7,5,6
20,14,5,6,23
40,7,6
51,40,12,14,6
38,3,4
14,5
22,7,5,6
6
6
22,5
2,22,3
48,20,21,19
22,14,6
14,6
2,4,6
47,9,41,4,6,21
13,5,46
14,5,6,19,23,11
4
17,7,5
2,20,5,10,49
36,22,3,6
3
2,5,6
2,6
2,20,5,6
0
4,5,6
7,4,14,6,43
26
44,6
3,6
48,4,5,6,29
0
5
47,25,20,22,3,4,14,6,16
32,14
2,14,6
2,25,14,6
4,14,5,6,8
4,14,5,6,28
20,22,7,4,5,49
12,20,6
4
7,6,11
13,22,6,23
5,6,15
17,5
14,11
27,5
32,3,14,6,42
32,5,11
50,33,2,5,6
22,7,6
29
22,14,5,6
5,6
17,5,6
26,7,3,5,6,18
26,22,4,14,5,6
48,25,4,6
12,3,5,10,23
27,6
6,46
20,17,4,6,15
22,5,6
32,14,6
14,6,23
38,25,6
44,14,6,15,42
5,6
17,6,23
14,5,6
14,6
3,4,6
4,14,5
34,35,2,14,6
25,6
3,14,6
17,5,6
38,6
44,17,14,6
13,7,14,6
2,3,5,6,8
40,2,7,5,49
12,22,3,14,6,23
12,7
14,6
34,25,3,6,29
26,20,6,19
27,26,3,6,19
14,5,6
12,17,6,19
6,46,30
20,22,3,5,6
28
2,14
4,5,6
27,33,22,5,6
26,6,43
41,13,5,6
9,7,6,29,11
5,6,8
48,33,19
17
7,6
20,5
6
14,8
6
4,5,6
25,14,6
9
6,29,49
12
0
9,5,6
14,6
39,40,48,3,5,6
5,6
5,6
3,14
33,17,6
26
32,13,3,14,5,6
25,7,3
24,17,6,23
5,6
7,3,4,6
6
4,14,5
5,6
2,5,6,16
51,2,22,15
17
36,2,4,6
34,14
3,14,11
12,5,28
20,6
4,5,6
20,22,14,5,6
13,4,19,10
5
4,14
6,42,18,23,8
27,14,5,6
2,3,6
3,6
6
5,6
14,43
6
44,5,23
26,12,3,5,6
6,15,30
44,17,14,5,6
20,17,3,6,10
0
17,6
0
3,5,30
4
5,6,10
25,4,6,16,29,11
14,5,6
22,14,5,6
5,43
2,22,4,5,6
0
36,13,5,6
3,6
37,2,21,15
35,2,4,6,18,29
3,14
47,34,14,6
22,7,14
4
5,6
25,5,6,19
22,6
4,5,6
6
6,46,43
12,13,6
6
31,34,3
49
7,6
25,14,15,16
12,22,17
25,6,23
22,7,5,6
31,2,8
20,3,6
5,6,23,29
17,6
2,14,21
44,12,14
5,8
12
2,7,3,30
41,4
35,25,6,10,23
27,17,28
14,6
20,22,4,14
4,5,6
14,6
26,14
13,25,4,6,21
20
12,25,14,6
14,6
6,43
7,4,6
6
5,6
6,19,18
14,6,28
33,20,4,6,19
4
2,22,6
34,5,6,28,8
5,6
6
7,6,49
6
14,5,6,16
37,2,25,6
50,47,3,19
25,18
6
9,4,5,6
3,6,15,19,11
38,4,6
13,17
17,6,18
5,6
13,17
3,14,6,19
3,30
7,16
7,5,6
0
47,2
25,3
12
33,20,14,5,43
5,6,23
3,14,5,6
40,38,14,5
20,22,7,6
7,14,5,6
22,3,5,6
6
25,6
41,17,14,6
33,25,14,5,21
25,5,6
22,5,6
37,6
5,6,19,29
4,6,42
13,5,6
12,6
13,17,6,46
14,6,28,16
38,4,14,6
25,22,6,15,11
35,6,10
12,6,8
9,33,12,13,6
17,14,6
17,3,5,6,16
4,6
51,22,14
4,6,21
2,4,6
13,14,6
6
35,14
32,9,6
25,5,6
25,22,3,5,6
6,19
14
6,28
41,3,4,14,6,46
9,20,4,14,5,6
3,6,16,11
22,7,6,18
6,29
33,5,6,16
35,13,2,4,6
22,4,6
26,20,5,6
20,14,5,6
2,17,23
6
22,6,16,30
17,7,4,6
22,4,5,6
17,6
40,41,6
26,22,6
3,4,5,6,16
36,4,6,29
33,6
14
25,22,7,4,5,6
9,7,14,19
4,14,5
2,4,5,6
35,6,11
45,6
2,6,15
48,14,6
6
6
35,27,33,14,6
13,5,6,19
5
32,6
17,4,5,6,15,18
26,6
45,13,5,6
21,23
14,6
14,6,18
31,27,41,12,22,17,6,43
14,6,49
14,5
14,6,28,30
3,6
6,10,11
5,6,16
5,6
5,6,15
13,5,6
35,33,22,7,6,42
38,2,6,18
0
13,6,10,49
45,22,4,5
5
3,6
20,14,5,28
4,6
3,6,29
13,17,7,6,10
5,21
5
35,22,14,5
22
2,3,6,21
12,25,14,5,6
13,6,29
5,6
5,6
36,14,5,6,16
6
7,4
5
5,6,46
33,17,4,5,6
22,7,5,6
0
12,22,6
33,6
13,17,5
6
37,6,46
26,7,14,28,15,10
14,6,43
12,20,6,28
25,17,4,14
4,5,8
41,3,5,42,8
4,14,8
3
5
45,25,22,3,6
29,43
9,2,14,5,6
27,12,17,4,5,6
6
41,22,19
2,22,6,30
6,42
35,14,6,10,42
2,6
7,6,49
45,13,6
22,6
15
14,6
41,26,6,19,16
25,5,6
20,22,4
37,17,7,6
3,14,5,6,19
3,6
17
22,42
38,12,22,7,8
4,5
22,7,4,5,10
7,6
17,6,42,46
44,4,5,6,19
35,5,6
24,4,5,6,10
5,6
33,4,5,6
13,6,21
23
33,5
6
41,17,8,29
3,5
13,6
25,7,4,6
14,6
14,6
6
5,6
13,17,5,6
24,14,5
9,12,20,17,3,4,14
48
22
39,6
31,4,5,10,8,49
14,5,6
6
13,14
20,4,5,8
5,6
12,7,6
0
4
14,5,18
6
25,6,46,11
3,14,6,10,46
5,6
20,28,19
3,5,6
40,7,6
6
12,22,14,6
14,5,6
5,6
38,4,14,6
26,13,6
6
5,6,18,29
47,5
14,6
50,48,49
44,3,14,6
27,12,7,5,42
12,14,5,6
5,6
22,14,6,30
25,6
2,5
37,5,6,11
5,6
7,6
6
45,6
3,6
17,4,14,6,18
14,5,6,42
27,4,6,23,8
14,6
6
5,6,21
14,21,19,10
36,6
12,25,22,6,42,18,23
7,4,6
3,6,30
6
26,22,3,6,23
5,8
17,3,5,6,28,15,10,18
27,14,10,43
7,6
12,6
13,17
13,6
24,27,12,17,14,6
33,5,11
13,25,5,6,19
35,6,19
0
14,6
6
47,12,6
6
3,5,6,30
5,6
3,6,11
2,6
22,14,6
17
17,3,6
42,18
6
5
38,33,2,20,30
12,22,7,4,6
47,25,20,5,6
3,5,6,21
47,7,4,6
50,4
6
6
6,10,30
6,21
5,6
22,6
4,14,6
14,5
5,6,18
6
2,25,3,14,5
20,5
48,14,15
7,5,6
33
25,6,23
6
4,14,6,23
25,4,5,8
2,14,6,10
12,6
35,5,6,23
23
14,6
4,5,6,46,30
3,6
5,6
6,15
25,6
36,3,4,14,19
20,17,4,6
7,46
26,17,7,6,10,16
6,19
48,12,15
35,6
14,5,6
44,4,5,21,49
6
0
36,27,6
26,7,14,6
20,6
5,6
4,6
5,49
2,17,3,5
50,14,6
27,14,30
5,6,10
26,4,6,21,11
16
7,5,6,21
22,6,16,18
6
26,4
3,5,6,21
6
22,14
6
24,6
25,14,5,6,15
38,5,6
5,6
13,3,6,11
38,6,30
40,4,5
6,10
6
20,14,5
2,3
7,6,16
12,3,4,6
27
20,14,6
47
20,14,6
9,27,6
33,6
6
12,5,6,18
51,7,3,5,6
5,6
39,41,5,23
6
0
2,5,6
45,22,6
30
9,5
25,14
14
45,3,29
6
7,5,6,16
17,3,4,6
22,15
5,6
17,6
48,5,6
14,6,18
25
4,6,19
25,14,6
3,21,29
22,14,5,6
13,14,6
4,6
20,4,5,6
5,6
13,22,4,6
48,5,6,11
3,6
14,42
4,5,6,15
2,6,11
22,6
13,25,17,4,5
27,25,4,5,6
22,14,28
5,6,19,46
17,14,6,23
7,6,46,11,30
22,4,6
3,4,6
39
14,6
6
25,6
3,4,15,42
34,2,20,14,5
0
5,6
48,6,29
17,3,4,14,6
12,20,6
6,15
6
13,5,21
27,3,6,19,30
17,5,6
34,21
14,6
7,14,5,6,30
14,6,30
6,19
25,5,6
5,19
35,12,14,5,6,11
7,3,6
14,6
25,5,6
7,46,49
5,6
25,5,6
14,6,11
51,2,4,14,5,6,8
33,15,16
40,41,6
8
20,17,7,4,6
36,3,14,6
3,6,42
2,3,6,18
6
17,4,14,6,11
33,4,14,5,6
39,45,14,6,8
13,22,14,5,6,18
9,41,17,6
7,14,5,6,15,23
7,3,14,6
13,3,14
25,14,6
4,5,6,46
3,6
34,41,17,6
36,3,14,5,6
33,22,6
25,17,5,21
34,20,3,6
25,17,5,49
40,25,3,6,16
20,3,5,6
6
7
33,7,6,18
5,6
13,22,16
6
41,22,5,8
18,49
31,6
14,5,6,21
6
47,5,6
51,45,48,15
4,5
6
7,29
22,4,6,8,29
22,5,6,10
37,13,25,4,6
6,49
5,49
14,6,8
25,7,6
6
17,3,6
2,4
12,4,6
22,6
2,3,4,5,6
17,7
6
32,48,22,4,14,5,6
25,5,6
48,4,6,16
5
0
3,10,11
20,16
32,35,41,6,19,42,49
12,14,5,6
7,6,23
7,3,23
31,17,46
13,15
13,14,5,6,43
20,4,8,43
32,6,28,10
4,14,6
6,21
14,19
14,5,6,18
2,4,5
6
31,6
14,5,6
7,3,14,6
26,17,6,43
7,14,5
39,6
6,16
38,2,17,6,43
12,7,5
17,3,6,46
17,7,5,6,21,19
40,6
3,6
22,6,49
4,14,5,6
14,6,30
38,13,6,28
35,3,5
5,6
27,7,16
6,29
14,5,6
6,29
33,25,7,4,6
17,6,18
3,6
6
22
34,4,14,6
5,6,46
4,5,6,15
24,36,20,19
20,17,3,4,14
22,14,6,28,16
9,48,14,15,16
0
47
13,20,6,8,46
5,42
39,48,3,6
6,10
17,6
5,6
9,7,14,5,6
6,49
7,14,6
40,17,14,6,10,16
13,2,25,4,14
2,5
25,17,5
25,5,6
50,6
7,4,6
47,5,6,28
6
44,22,4,5,6
32,9,12,20,7,5,28
14,6,46
14,19
4,5,6,10
22,6,29
4,6,28,46,29
35,48,17,5,6
5,6,30,49
5
5,6,28,10,42,49
45,13,14,5,6,18
37,25,4,6
12,5,6
39,4,15
6,15
22
27,13,25,5,6
35,3,4,6
38,6,28,42
36,25,14,6,16
12,5
26,25,14,5,6,15
13,7,6
6,30
4,6
4,6
12,6
7,3,6,42
48,3,5,6
50,6,15
12,4,14,5,15
13,7,14,6
37,9,34,33,2,17,4,6
14,6
39,5,6
3,14,6
7,3,5,6
39,4,6,11
7,4,5
6
22,5
6
45,7,14,6
50,35
12,2,6,43
3,6,19,8
3,5,6,18,43
3,14,16
2,17,4,21,29
4,5
7,5,6
22,6
13,22,6,19
34,17,14,5,6
2,6,30
5,6,10
31,6
21,30
25,4,6,18,30,49
0
34,14,6,46
50,12,25,4,6
44,13,17,4,15
48,3,6,11
51,45,7,14
4,5,6
37
44,12,3,14,15
2,4,6,23
4,15,29
6,15
6,28
37,27,48,20,17,5
7,14,5,6
48,7
7,5,6,10
32,2,17,14,5,6
6,28
32,5,6,46
41,7
6
5
5,6,30
14,6
22,5,6,30
44
6
22,6
4,5,6
50,12,6
17,3,5,6
3,6,28
44,5,6
14,6,21
33,13,14,6,8
14,21
25,5,6,8
4,14
5,6
7,6,15
24,38,48,22,3,14
6
14,5,6
40,3,4,5,28
5
24,4,5,6
38,2,4,14,10
12,3,6
37,25,7,4,5,15
22,17,10
14,6
31,2,17,5,6
38,14,5,6
17,14,6
7,6,49
40,25,6
40,35,14,5,6
6
27,33,4,6
25,22,14,5,6
22,6,21
17,3,5,42,18
44,4,6
37,3
44,20,3,6
32,12,14,5,6
33,6,10
2,7,18
38,13,5,6
7,3,6,15,11,30
3,14
26,3,5,6
13,5,6,11
5
35,26,5,6
4,5,6,19
4,5
6
0
6
26,4,15
6
12,13,4,14,6
4,5,6,15
5,42,43,49
17,14,6
6,19,29,49
14,6
17,14,5,6,18,43
31,17,6,42
51,5,6
37,47,6
38,26,6,16
37,15,10,18
27,4,6,21
17
33,25,3,6
17,3,14,5,15
7,4,5,6
41,22,3,4,5,6
41,6
38,15,42
5,6,21,11,49
50,6
7
20,22,3,4,6
10
50,22,5,6,43
25,17,5,6,16
15
4,14,5,6,10
6,21,42
41,7,4,6
4,5,6
51,9,25,20,7,6,42
20,5,6
25,7,4,5,21
25,4
4,6
2,22,17,5,6
6,15
12,6
22,14,5,6,46
3,6,28
6
14,5,49
7,14,6
14,5,6
5,6
6
39,4,5
33,5,6,30
14,6,16
48,14,6,10,8
6
6
3,6,28
4
2,25,6
20,5,16,18
11
44,3,6
35,42,23
39,6
45,26,13
9,6,28
6
34,12,5,29
20,10
31,20,14,5,6
7,5,18
41,13,22,4,5
11
41,14,18
6
7,3,6
35,7,14,5,6
5,6,19
20,14,6
38,44,7,4,14,5,6,42,11,43
41,2,22,4,6,23
33,20,18,23
6
37,2,4,6
41,7,3,6
9,5,28,18
41,12,25,14,6,30
25
45,41,2,3,5,6,16
47,22,7,6,23
50,12,13,4,14,6,21
39,26,12,22,17,14,5,28
41,2,3,6,43
7,5,6,18
22,6
17,14,6
6
13,6
0
31,13,2,22,14
5,6,8
6,21
5
6
5,6
5,6,28,8
13,4,5
7,14,5
31,13,17,4,14,5,6
4,5,6,16
36,6,21
40,3,5,6,15
2,22,6,10
22,7,6
17,3,5,6,21
6
13,17,5,6
5,6,21
6,16
9,13,5,6,11
7,3,14,6,15,10,16
22,7,6
6,11
12,4,6
38,4,14,6
14,6,29
41,6
41,5,6
35,26,17,6
3,4,6
0
40,26,7,6
38,2,7,5,6,30
5,6
12,17,7,6
20,5,6
26,21
2,5,6,28
34,2,4,6
36
32,34,12,14,6
12,6,28
11
36,12,14,5,42
7
0
17,28,46
50,6
4,6
17,5,6
31,22,14,6
17,14,6
13,25,17,3
13,6,46
12,2,3
22,3,5,6
7,4,5,6
6
12,3,4,6,21
14,5,21
36
2,6
2,6,28
5,6
14,5,6
33,3
25,3,5
13,22,7,14,6
6,46
41,22,3,6
47
7,3,5,6,19
17,3,6
28,10
45,5,6
6
17
24,47,6
27,17,6,10
32,7,5,6,8
38,22,7,3,6
14,6
12,5,6
17,6,30
26,12,3,6,15,10
2,6
35,2,25,4,8
22,4,14,5,6
14,6,15,42
4,14
40,5,6
16
6
13,19
6,10
36,14,6,21
3,6
22,3,43
6,15
25,3,4,6,16
2,14,6
27,3,4,6
2,22,14
47,27,14,6,21
17,5
41,13,3,5,10
51,5,6
34,25,20,6
38
12,22,7,14,6
4,14,6
0
41,4,5,6
13,4,6
9,14,5,6,46
2,20,14,6,18
41,5,6,23
25,6
26,25,22,7,4,14,5,6,21
3,6,21
6,23
27,14,5,15
34,33,15
3,5,6,28,42,23
24,35,12,14,5,30
3,6
45,6
6
47,20,6
40,6
45,7,28
17,6
6
45,7,6
3,6,42
4,5,6,16
0
42
5,6
26,22,17,4,5,43
14,5,6
7,21,10
44,17,4
14,6
34,17,6,10
6
14,6,21,30
37,5,21
12,6
22,6,15,46
3,5,6
6
14
25,7,3,14,6,10,49
22,3,5,42
13,3
14,6,29
17,14,5,6
7,4,5,6
34,25,49
20,17,6,15,18
50,6,8
48,2,6,11
5,6,28
32,7,5,6,19,29
3,14
4,14,5
3,46
44,17,3,4,14,5
27,25,3,5,6
3,5,6
48,14,5,23
26,22,6
20,14,6,21
13,6,21
20,6
27,14,5,6
12,17,14,5
5,6,46
25,20,7,4,14,6
7,3,4,5,6,8
14,6
7
4
5
33,3,5,6,10
2,7,4,14
22,3,5,6
50,36,14,5,6
26,5,28,15,18
39,50,20,5,6
13,2,4,6
25,22,3,5,6,15
5
2,6,28
45,36,41,5,6,28
27,14
20,22,3,5,6
6
0
6,46
9,38,17,6
4,6,10,42
27,41,3,5,6
38,44,5,6,43
5,6
27,3,5,6
0
7,6
44,26,20,17,7,6
6
41,14,5,6,28
14,6
4,28,8
35,13,25,20,5,6,15,19
6
13,14
22,4,6,23
41,44,17,6
2,25,7,5
4,6,8
2,15
26,3,5
26,5,6
25,5,6,15,19
2,4,5,6,46,30
2,4,6
14,5,6
38,13,4,6,42
14,5,6
36,4,6
0
48,22
20,7,3,5,42,23,11
2,5
47,41,6,42
38,6
6,15,19,30
6,49
36,22,6,15,19,11
5,6,10
22,3,6,49
17,4,14,6,23
45,2,5,6
6,28,46
38,3,6,19
3,14,5,6
14,5,6,19
22,6
9,7,4,6
3,6
40,35,6
6,18
50,25,6
6
22,17
13,5,6
7,5,6,46
20,5,6
22,7,3,6
4,5,6,10,49
26,14,6,28,49
9,22,14,5,6,21
36,4,5
38,12,14,6
32,3,4,6
20,17,3,5,15
20,17,4,6
38,14
32,5,6,30
4,6
14,5,6
48,4,6
8
25,4,14,6,21
41,17,5,6,10
5,49
4,6,28
25,30
6
12,17,14,21
3,6
7,3,5,6
5,6
5
14,5,6,19,10,46
14,5,42
7,14,6
13,6,18
3,6,43
22,5,6
3,4,5,6
7
17,3,4,14,6
14,6
3,14,6
32,35,22,6
2,4,5,6,15
6
5
26,4,14,6,8,46
17,5,6,15,8
12,20,6
26,20,6
25,20,5,6
5,6
4,6
7,5,6
15
22,5,6,28,29
25,5,6,19
31,25,6,21
33,22
13,6,21,28,15
17,14,6
2,22,6,23
20,17,5
20,4,5,6
12,4,6,19,30
4,6,28
4,6,18
14
5,6
31,14,5,6
0
7,4,6,15
4,6
14
5,6
7,6,29
22,3,5,6
32,20,17,5,6
20,6
32,6
22,7,5,6
36,27,7,6,10
17,5,6
41,6,21
0
13
7,18
3,6
39,5,6
12,3,14,5
33,2,22,14,5,6,10,23
46
12,22,17,4,6
37,7,6
25,20,6
24,47,2,7,6,11
5
20,14,5,6
6
47,9,3,6
49
6
45,25,7,5,6,19
5,6
14,46
20,5,6
6
41,17,14,5,19
6,29,11
5
6,23
22,3,4,14
48,14
3,6
35
0
6,28
0
6
12,20,17,5
3,4,28,15,11
9,34,22,14,5,6
20,4
20
41,17,6,19
7,6
13,5,16
5,6,15,10
3,6
40,47,28
17,6
3,14,21
3,5,6
37,17,5,6,18
25,4
2,14,6
32,2,6
5
17,8
7,3,14,5,6
32,13,17,4,14,6,23
16
14,5,6,42
35,5,6
22,17,7,3,5,6
41,4,6,18
3,5,6,42
48,12,14,6
51,6,29
31,48,4,14,6,16
17,6
17,5,6,29
4
45,13,22
6
31,34,6
6,16,30
2,6
6,19,29
5
25,6,16,29
20,6
51,24,34,5,6
14,5,6
12,3,5,6
6,30,43
22,14,5,6,18,23
17,6
10,8
27,22,4,14,5,6,8
2,3,5,6
3,4,14,5,6
6
13,7,14,5,6
5,8
4,6,15,23
14,6
28
14,6,19
41,14,5,6
14,5,6,28,42
27,6,28,16
2,14,6
27,6
22,3,6,42,18
4,6
5
6,18
4,5,6,28
24,12,13,20,3,6
13,17,14,5,6
7,28,11
22,4,6,21
6,8
12,3,4,6
3,14,6
7,4,6,8
6
5,6
14
3,5
30
36,17,6,16
6
36,6,10
14,5
25,14,6
42
47,26,4,14,5,6,21
25,14
14,6
37,13,6,16
13,6
51,6
4,5,6,29
34,6
5
5,16
36,35,13,3,6
36,4,6
5,42
14,5,6
25,6
47,5
25,10,43
3,6
51,7,6,21,8
39,14,6,46
25,14,6
14,5
20,22,43
6
6,23
3,5,6
17,4,6,19,10
47,17,14,6,30
12,14,5
12,17,6,18
12,13,3,10
14,5
5,19
5
47,7,6,21
4,14,6
17,7,3,6
14,6
34,25,3,5,6,18
22,6,49
21,15
51,5,6
13,25,5,15
6,19
6
6
5,6
20,5,6
48,6
20,6,29
12,6
2,17
34,5,6,10
14,6
9,5,6
22,5,6
33,2,6
41,3,6
17,5,6,28
3,6,16
6
2
9,41,20,6
44,7,14,6
5,6,10
22,6
12,7,4,6
17,4,6
0
50,3,6
14,6,10
3,14,5,18
20,14,5,6
25,5,6
47,12,3,14,28
17,5,6
20,6
6
22,14,6
6,16
6,28
14,6
51,33,5,6,21,23,49
31,20,7,6,15
4,6
31,3,6
0
14,23
48,5,46
3,4,5
28
13,5
5,6
17,6
39,4,5,6
51,6,21,28,30,43
31,7,14
22,14,19
41,13,4,14,6,15
7,5,6,21
25,20,17,6
25,5,19
5,6
23
14
14,6,18,23
6
25,14,6
31,49
25,17,5,6,10
36,20,5,6
6
5,6
34,5,6
25,7,4,6,8
25,5,6
7,3,4,5,6,21
6
45,7,4,5,30
17,5,6
27,6,11
12,20,22,14,6
0
25,14,5,6
5,6
2,14,6
2,5,6,23
36,3,4,14,5,6,42,18
27,3,5
7,5,6
36,26,17,14,5
38,25
34,7,3,8
34,3,14,21,42,30
4,5,6
17,3,5
3,5,6,29
35,6,23
33,2,5,6,28
5,6
3,4,6
16
6,46
48,3,14,6
4,18
26,17,5,6
47,9,17,7,4,14,6,21
17,3
0
14,5,6,10,43
33,4,6
15,29
40,6,21,15
0
25,17,6
6,28
14
14,6,43
20,5,6
5,6,42
4,5,49
6,49
4,6
47,4,14,5,10
13,6
2,17,14
25,6,19
4,6,11
41,13,2,7,6,49
48,17,14
7,5,6,11
7,4,5
5,6
7,3,14,5,6
2,4,6
51,20,4,5,6,16
14,6
17,3,4,5,19
5,6,11
25,20,4,5,6
24,6,19
29
3,14,6
47,4,14,5
6,28
37,6,10
20,5,6,42
6
47,34,5,6,15,10
33,7,14,5
5
13,14,5,6
3,6
41,26,3
14,5,6
6,21
2,4,5,6,16
7,4,14,5,15
22,7,4,14,5,49
5,6
2,7,14,11
5,6,28
13,14,19
34,7,6
38,20,5,6
4,6
9,25
48,6,43
20,14
38,6
38,26,13,14,19,29
14,6,8,43
2,25,17,3,16
13,3,5,42
45,2,22,3,14,6
17,7,4,6
33,13,5,6
38,20,4
39,12,2,6
25,6,15
0
44,12,3,6,29
6,21
38,2,3,6,42
47,3,14,21
26,7,4,14,6
5
20,17,6
22,5,6,28,30
47,6,43
45,14,6,16
14
27,6,10
12,6,23
6,23,46
4,5
4,14,6,15,10
3
51,38,4,14,6
2,20,5
6,16
30
33,4,5,21
17,7,14,5,6
41,17,6,19
7,14,5,6,21,18
0
5,6
39,26,25,7,18
5,6,21
3,6
13,5,6,49
47,13,3,4,6
14,6,15
48,14,6
7,5,6
20,4,6
5
51,32,3,6,15
5
25,22,7,3
7,6
4,14,5,19,30
17,5,6
2,7
41,4,30
41,5,23
6
12,22,6,16
6
13,14,6,49
35,22,5
4,6,16
33,6
8
17,7,14,6
7
44,4,6
13,2,7,5,6
2,4,5,15
0
40,35,41,5,6
3,14,6,15,29
51,14,6
41,3,6,10
31,12,20,3,4,5,6
6,42
44,4,14,6
12,22,7,4,14,5,19
44,6,16
17,3,28,29
4
41,7,5,6
47,3,23
4,6
31,13,25,17,3,5,6,21,10
5
6
51,13,17,6
6
38,3,14,5
22,14
20,17,3,4,14,6,28
7,6
41,6,10
3
6
31,14,6,10
4,6,19,8,46
32,14,15
14,28,46
35,6,29
22,7,5
6,19,18,30
44,12,6,28
24,7,4,5
3,4,14,5
48,6
5,6,10
5
27,5,6
47
39,6,30,43
32,20,3,6,8
20,3,6,8
36,14,6,28
14
20,6,15
3
13,3,6
7,5,6,15,8
50,4,6
13,17,14,6
7,5,6
14,6,21
37,4,14,6
40,22,6,21
2,5,49
47,7,5,6,10
14
39,13,6
17,5,6
14,6
32,4,6
12,6,19
7
48,14,6
0
7,5,6
6
6
44,5,6
40,5,6
20,22,5,6
6,28,43
20
4,14,6
5,21
32,3,4
38,33,26,5,30
2,20,6
37,36,2,17,5,6
14,6,8,43
12,6
5,6,19
17,7,5,21,30
22,3,5,6,10
37,5,6
6
14,21,15,16,23
48,6
14,5,6,30
44,25,20,14,5,11
51,37,9,14,6
20,22,6
14,6
12,14
9,7,14,6,15
24,17
13,6
33,17,5,6
0
4,14,5,6,15,19
50,5
14,5,6
39,14,16,23
0
4,5,6
25,14,5,6
6
12,25,4
38,25,22,17,7,4,5,6
44
37,41,2,7,4,5,6,42
6,29
17,14,6,8
48,3,5,6
17,6
14,5,6,10
41,17,4,6
51,45,20,17,6,10,23,29
27,6,42,8
25,14,6,21
20,14
6
32,6,15
41,12,7,3,14,5,6
40,4,6,30
3,6,8
13,17,6,10,16
6
2,14,6
19,29
45,6
25,5,6,15
2,22,4,14,5,6
42
5,6
3,6
7,4,5
5,6
3,5
7,6
22,4,42
20,5
5,6
34,5,10
5
25,22,17,6
14,6,16
6
47,6
22,5,6,49
17,5,6,18
51,4,14
22,5,6
5,19
0
4,6
7,14,6
24,38,13,14,6
48,25,20,22,17,6
22,14,5,6
32,26,22,6,49
14,5,6
12,13,6,23
4,5
6,46
14,5,6
25,7,6,21,19
4,6
50,25,14
3,4,28,10
14,5,6,15
4,5,23
9,44,5,6,23
5,6
0
31,14,5,10
11
33,21
6
31,12,5,6
12,5
26,6,29
5,6
45,50,12,13,7,5,6
6
6,19
22,6
5,6
5,6,28
45,7,6,43
26
6,42,18
31,22,14,6
22,6,30
48,44,3
2,14,5
4,6
4,5,6
4,6
14,5
51,4,21
14,6
25,5
22,7,14,28
25,14,6,15,10
6
4,14,5
12,17,6
41,17,5,18
14,5,6,16
45,41,20,5
24,38,22,17,14,5,23
22,5
6
3
22,17,6
32,36,4,6
25,7,6
33,26,7,10
17,6,15
5,6
44,14,6
10
51,17,3,14,6,15
33,20,3,6
9,6
14,21,16
22,6,42,23
6,10
3,6,11
34,7,3,5
33,12,7,3,5,6
6
4,14,5,6,8
36,4,6,28
17,4
47,25,6
25,20,5
7,3,6
34,3,6,28
13,14,6
50,33,22,17,6,15
25,5,6
22,17,14,5,6,29
20,22,7,6
6
41,17,4,14,5,10
7,14,6
40,12,46
26,5,6
5,6,21
9,2,20,14,6,42
51,44,6,15
13,4,5,6
6
7,4
36,22,17,7,5,6
6,21
20,3,5,6,30
48,3,5,6,28
12,4,6
20,3,4,5,6
17,3,6,10
0
2,6,23
12,21
9,4,14,6,19
26,6,42
6
6
5,19
12,13,5,6
22,6
45,5,6,15,18
35,17,6
2,6,42
7,3,6
5
26,20,5,42
6
36,7,5,6
13,5,6,15,42
3,14,6
36,44,6
50,40,48,41,20,22,17,5,6
14,5,6
6,28
32,5,6,15,18
14,21
25,14,15
41,6
14,5,6
45,7,6
4,14,49
25,6,18
0
6
0
17,5,6
14,6
48,44,14,6,23
14,5,6,16
31,13,7,5,6
7,3,6
7,14,5,6,30
14,6
16
6
47,2,17,6
5,6
14,5,6
22,3,14,6,21
12
14,6,29
6,19
12,20,14,6
6,46
13,3,6,43
13,7,6,29
31,44,26,17,3,5,6
24,47,13,20,22,17,4,14,5,6
20,22,5,6
37,5,6
25,20,6
5,6,28
50,9,20,3,14
40,5,6,23
4,14
7,3,5,6
5,19
51,24,3,14,6,42
12,21
50,20,7,6
20,17,7,4,14,6,30
36,12,6,28
25,7,4
36,33,14,5,6
3,5,6,19
34,25,4,6
7,3,5,6
20,17,5,6,21
24,37,5,6
41,6
48,12
6
27,6,11
35,3
39,20,6
41,3,4,6
20,6
37,6
41,26,4,6
14,5,6
4,15
35,48,7,3
44,17,5,6,18
25,7,6
47,5,6
6,16
37,22,5,6,8
34,3,6,28
12
4,6
4,14,6,46
22,3,6,28,18
7,6
45,34,17,4,14,5,6
4,14
3,42
39,14,6
7,5,6,18
25,17,4,5,6
7,6,15
25,22,3,5,6
26,14,6,10
8
31,3,6
9,38,6,10,43
14,6
37,17,5
7,3,14,6
22,6,23
40,13,17,4,5,6,23,11
14,29,43
2,20,10
0
22,5,6
51,9,36,17,3
22,5,6
24,14,5,6,43
41,5,6
32,48,25,7,14
35,2,6,29
4,6
25,5,6,28,19
45,4,6
0
51,3,29
31,13,4,6
20,6
7,14,5
25,6
14,5,21,28
44,5,6
3
20,5
3,14,5,6
13,22,3,6
17,14,6
25,6
14,6
6,42
2,4,6
38,5,6
47,4,14,46
27,6
6,11,43
42,29
7,5,6
14,6
17,4,14,5,6
10
13,5,6,10
35,6,46
3,6
31,20,14,21,42,23
51,22,3,6
4,5,6,19
32,17,4,14,5
24,6,18
51,17,4,6,8,46,29
6,43
22,4,6,21
12,20,6,11
3,14
47,36,4,6,16,29
5,6
2,6
27,4,14,6,43
37,27
13,14,6,11
7
20,22,14,6
14,5,6
12,5,6,28,18
2,20,17,3,6,21,18,29,49
29
9,3,14,6,15
3,6
12,25,5,18
27,7
20,21,8
50,7,6
22,3,4,6
6
25,17,5,6
5,6
0
40,12,6
39,22,7,21
37,6,28
47,17,7,4,14,6
38,25,6
25,3,5,6
48,4,14,6,21,16
36,4,14,6
36,7,6,11
13,6,46
5,6
40,17,5,6,8
48,4
14,6,19
33,41,44,5,6,19
51,6
31,6,16
6
12,14,23
5
22,5,6,30
0
2,20,14
5,6,29
12,17,6,21,15,43
3,5,42,49
36,17,14,6
6,8
20,14,5,6
47,35,5,6,42
37,44,2,7,5,6,42
22,6
7,5
7,3,5,6
22,4,6
12,14,6
2,42
29
13,3,6
12,22,7,6,23
2,6
17,5
2,5,6,19,29
22,6
12,4,14,6,23,8
0
5,6,21,43
26,20,4,5,6
6
37,25,20,7,14,6
22,4
35,3,4,43
7,19
2,6
4,5,6,21,46
20,17,3,42,23
6,18
39,50,17,4,14,21
4,6,8
4,5
9,36,20,6
4,6,46
6,10,18
5
4,5,6,21,16,11
44,4,5,6
22,4,6,19
29
3
12,23
14,5,6
31,12
3,4,6
4,5,6,28
45,25,5,6,15,18,43
2,17,6,19,30
31,37
48,25,4,6
41,6
7,14
6,21
26,17,5,6
5,6,28,30
40,3,5,6,42
4,11
3,6
37,48,12,13,5,6,29,49
4,5,15,43
22,17,14,6
2,4
14,5,30
33,26,5,6,46
35,6,10
36,25,6,23
6,46
5
50,4,6,19
27,14
38,14,5,6
5,6
23,8
17,7,14,5,6,16
6,28,43
20,6,30
51,14,6
6
6,10,16
25,17,6,28
2,5
4,5,6
20,5,6
0
33,12,4,6
22,3,5,6,8
20,16
22,6,46
6
31,12,14,21,49
6
6
4,6,23
24,6
13,6
28,19
22,17,4,6,21
44,17,6,46
27,5,6
4,6
24,3,6
27,28
3,14,6
5
5,6
6
20,6
48,6
28,16
6,8
34,14,5,6
12,2,3,4,5
13,4,5,6
2,17,6
27,25,3,6,21
9,22,6
17,5
0
48,2
34,22,3
45,14
31,5,6
32,4,6
45,44,20,5,46,11
5,6
44,2,4,14,5,6
4,14,15,49
47,2,7,4,14,5,6
5,6,8,11,30
14,5,6,21,30
26,13,7,3,14,5,6,42,46
50,26,5,6
5
3,14,5,6
6
3,14,6,21
7,6
27,12,3,4,6
25,21,18
41,7,6,23
27,4
25,14,5,6,16
4,6
12,22,7,3,6
0
13,22,49
7,5
3,6
14,6
40,41,4,6
4,6,21,29
22,5,6
4
13,20,6
24,36,2,7,4,6
27,7,3,4,5,42
7,5,6,21,11
5,6,18
6
34,33,3,4,6,42
26,5,6,21
20,5,6
32
13,6
24,5
14,6,8
0
40,7,14,6
49
17,3,5,10,18
25,3,14,5,6
12,25,22,6
14
22,5,6
2,17,6
40,5,6,43
45,35,3,6
17,3,6
2,6
6,30
44
3,5
41,20,4,5,6,8
45,14,5,6
9,7,42
26,7,6,11
14,6
7,23
38,4,18
44,12,6
48,44,13,17,5,6
2,4,6
21
6,16
2,6
3,14,5
2,42
26,25,7
4,14,5,49
45,22,6,49
7,5,6,30
12,4,14,6
7,6,43
48,5,6,8
3,14,5,6
41,4
6
50,44,6
6
13,3,6
20,6
4,5,6,21,29,11
3,5,6,28
0
25,3
5,6,18
25,14,5,11
5,6,28
24,41,7,6
40
12
6
36,14,5,6,21
39,20,3,5
41,7,3,6,19
4,14,6
12,5,6
41,25,22,3,14,6,30
22,3,4
6
38,7,4,5,6,19,11
14,6,23
27,6
13,2,20,6,49
40,36,6
38,5,6
25
51,12,13,25,6
17,14,6
5
25,7,6
7,14,6
0
5,15
36,27,20,5,46
27,7,5,6,15,46
5,6
15
33,41,7,14,6
50,12,17,4,19
20
5,10,43
12,14,5,6,43
37,14,6
4,6
4,6
26,22,5,6,29
2,14,5,6,15,42
7,3,6
5,6,28
22,4,6
25,5
20,6,29,49
17,14,5,6
12,6
39,20,10,16
48,14,5,6,29
14,6
7,5,6,21
6
25,22,4,5,6,21,23
20,14
39,36,3,6
35,5,6
2
14,5,6
12,17
12,5
3,19
24,38,4,6
17,7,6
51,6,46
5,6
3,28
14
25,17,14,6,21,42
14,5,6,42,8,49
5,6,42
25,20,6
34
0
22,3,6,18
13
20,6,28
48,33,26,5,6
6
36,5,6
6
34,7,4
32,3,6,21
33,14,5,6
22,7,14,10,42
23,43
5,43
6,49
12,6
12,14
6
32,34,26,7
12
38,27,2,22,14,6,30
41,7,14,6
9,36,5,6,18
14,6
2,7,21,43
6
26,22,6
27,3,21
27,6,28
4,5,30
5,6,19
37,44,13,14,6,19
33,20,4,5,6
12,3,14,5,6
45,20,17,6
6,16
45,17,3,6,46
13,17,5,6,10
12,5,6,43
3,6,8
37,33,17,3,6
5,28,42
20,4,5,6,30
20,14,42
26,12,6,11
37,4,6
39,41,25,4,5,6
6
14,30
4,14,5,6
14
3
6,21,28
3,4,6
17
6,16
38,22,6
13,6
37,38,6
6,16
38,2,20,5,6,21
39,37,6
25,14,6
31,2,7,6
40,12,13,25,3,14,5,6
20,6
2,5,6
41,6,21
41,6,11
14,5,6
7,4,6,19
9,6
5,10,23,29
45,5,6
14
4,6,30
3,4,5,6,21
25
17,14,6
35,12,6
12,42
5,6,15,46
50,17,5,6,46
44
45,22,17,6
24,3,5
39,7,14,19
17,4,14,5,6
17,4,6
26,2
14,5,6,10
20,14,5
50,2,6
2,25,3,14,5,6
4,28
24,13,6
0
47,5,6
31,25,30
3,14,19
37,12,14
2,7,6
22,7,6
24,7,6,46
9,38,30,49
2,5,6
24,13,25,20,4,11
26,17,14,6,10,16
44,12,22,17,5,6,18,29
5,6,43
12,6
45,3,6
6
12,3,5,6
24,48,17,4,5,6
13,20,14,5,6
22,6,15
20,6
4,6,23
22,7,3,6
51,22,17,5,10
41,7,3,6
44,26,4,5,6
4,14,21,18
7,4,14,6
6
4,5,6
3,5,6
14,5,6,10
36,3,14,6,21
47,3,6
20,7
2,7,6,11
7,5,6
4,5,6
7,5
3,6
41,2,6
25
51,38
48,22,7,14,5,6
39,38,20,4,6,16
47,6,18
38,17,5
2
17,6
12,49
2,22,6,29
13,20,4,6
50,41,20,7,4
50,5,6
26,2
6
32,12,22,21
12,13,17,3,14
51,36,41,6,23
20,22,4,14,5,6
17,5,6,19,10
5,6
12,4,14,16,29
13,20,3,4,14,5,6,28
51,2,4,14,5,6
26,12,14,5,6,42,29
17,7,5,6
33,25,22,5,6
3
17,4,6
10
3,5,6
40,38,6,29
32,21,28,46
7,4,6,15,16
2,6
4,5
6
12,17,14,6
33,2,6,10
38,6
22,5,6
17,5
5,6,18
2,4,6,42
24,22,14,5,6,16
33,25,7,14,5,15
50
34,2,7,16,30
41,22,6
0
22,46,29
6
26,7,14,6,29
17,14,6
48,5,6
0
17,5
14
9,27,3,14
9,17,6
2,20,3,4,5,6
0
25,28
5,6,10,8
31,44,7,6,30
48,30
2,3,14,5
5,6
4,5,6,28,30
7,4,5,6,21
20,3,6
6
38,12
32,26,25,17,6,16
33,3,4,14,6,18,43
2,4,6
25,14,5
6
25,21,23
35,6,29
45,34,25,14,5,6,46
12,13,22,3,14,6
6
40,17,6
32,5
2,7,14,6,29
20,3,5,6
4
34,25,14,5,6,15
33,3
33,6
32,25,22,4,14,42
2,17,14
27,12,4,14
2,4,6
0
34,22,14,21,15,19
13,6
11
22,5,6
25,14,6
13,7,14,5,6,30
3,4,5,6
39,17,7,3,4,5,6
32,8,46
7,4,5,6,43
3
34,26,4,6
6
25,3,6
22
13,22,3,5,6
13,14,6
25,7,4
14,6,8,46
4,6,49
5
44
5,6,10,43
12,3,5,6
33,5
25,6
39,5,6
20,6,29
39,9,22,14,5,6
4,6,43
20,6
48
6,42
26,12,3,4,6
2,17,7,14,5,6,23
24,38,13,6,18
5,6,11
5,6
35,4,6
6,18
44,12,22,30
7,5,6,28
5,6,29
21
31,12,4,6
6
4,14,6,18
25,3,5,6,28,10
7,4,5,6
0
0
31,25,17,14,6
13,7
14,6
14,5,6
14,6
2,7,6
2,4,5,28
0
5,6,15,46
5,6
41,25,20,7,5,6,18
22,17,4,6,46
50,4,14,6
34,5,6,30
14
34,4,14,6,42
7,4,14
5,6
5,11
7,29
17,7,4,14
13,2,4,21
25,4,6
13,5
7,14,5,6,28,11
3,14,6
5,6
3,6
17
39,33,17,6,29,30
9,25,20,5,6
27,6
37,4,5
3,4,5,6,10,30
6
41,6,42
22,5,6,42
31,7,6,30,43
51,13,17,7,4,6,15
45,4,5,6
28
45,17,6
9,41,2,17,3
17,7,6,19
35,20,6
12,5
41,2,22,17,3,14,5
37
37,13,17,3,6
6,19
27,6
4,14,23
5
14,6,21,10
50,28
3,14,6,10
25,3,4,5,6
50,22,17,3
48,2,14,6
20,22,7,5,6
38,5,6,16
14,6
34,17,42
13,8
5,18,23
13,14,6
25,22,5,18
2,4,6
36,7,3,6,19
13,2,22,3,14,5,6
13,7,6
20,6,43
17,6,29
25,3,6
20,3,6
24,3,14,6
20,4,6,49
22,17
48,14,5,6
20,4,5,6,28
13,14,5,6,10
22
6
48,7,5,6
7,6
24,32,44,3,5,6,21
3
7,14,5,6
41,20,3,6
40,5,6
47,14,6,16,23
3,5,6,18
4,14,6,19
26,14,21,28
5
7
7,6,43
34,14,6
17,7,5,6,28
20,4,14
44,3,14,6,16
3,19
7,5,6
34,4,6
25,14,6
3,19,8
48,5,6,21,23
14,5
22,17,3,6
20,4,5
31,6,8
7,6,30
44,12,6
22,6
6
39,12,17,28
50,9,14,5,6,30
14,5,6
2,5,6,29
5,23
26,5,29
7,6,8,30
7,14,6,21
14,5,6
0
17,6
13,14,6,42
33,25,4,6
7,19
4,5,42
39,17,5,6,16
4,5,6
5
2,3,4,14,5,6
50,7,5,6
2,6
40,2,6,21,18
4,14
22,3,4,5,6
13,6
33,4,6,46
12,17,4,6,10
20,5,6,49
3
5,6,21
20,7,3,14,5,6,19,11
51,25,17,14,6
37,5
5
12,6,23
5,6
6,8,43
4,6
40,4,11
32,5,6
4,6
41,2,14,6
13,5,21,18
22
14,6
6,18
13,14,6
5
22,4,14,5,6,18
33,22,3,5,6
13,17,14,6,15
5
21
5,6
6,42
13,14,5,6,46
6
50,17,5,6
14,6
13,14,5,6
34,14,5,6,28
20,3,6,8
6
14,8
36,14,6,10
6
36,4
45,6,21,28,8
17,4,6
40,6
2,6
45,7,6,28
51,14
4,14,5,6,15,23
36,38,20,4,6,23
40,25,6,21,49
31,7,4
34,2,3,14,5,28,49
17,5,6
2,20,22,17,3,4,6
6
7,6,42,30
17,5
22,14,6
6,15
25,4,6,11
5,6
14,6
14,15
17,6
5,6
4,5,6
33,12,2,5,6
6
39,6
25,6
26,20,4
36,25
6
9,20,22,14,5,6
51,20,14,5,6,28
4,15,42
5,6,21
25,5,6
17,5
48,17,5
6
6
44,13,5,6,16,43
39,31,2,20,6
0
6
5,6
6
39,45,20,4,14,6,46
41,26,17,4,14,6,43
0
3,6,21
20,6
32,22,7,6,49
0
25,7
32,35,22,7,5,23
4,5,6
5,6,11
38,13,16,42
35
51,5,6
47,6
5,6,42
12,20,22
51,20,4,6
2,7,4,6
27,14,5,6
12,3,14
32,34,41,6
17,14,46
41,2,17,23
5,6,10
12,20,14,6
9,7,6
20,14,5,6,15
14,6,30
0
6,16
40,29
20,14
39,36,7,6,10,49
6
6
6
17,4,6
27,4,14,6,30
6
7,14,6,21
14,5
12,5
12,20,7,6
31,5
14,6
17,14,5,6,11
50,17
14,6
2,7,5,6,19,18
22,17
26,6,8
5
22
13,25,4,5,6
25,5,6
3,28
22
50,28
27,22,6,18
0
12,25,6
20,6
12,25
20,6,10
12,7,4,6
6,15
6
20,4,6
13,20,4,5,46
6
10
6
48,13,3,14,6
51,13,7,3,6
2
6
14,19,16,11
33,12,17,5,18
25,6,8
44,2,5,18,23,30
3,4,5,6
5,6,8
4,6
25,6
5,6,10
25,4,14,5,6,21,23
31,25,6,10,11
9,2,4,23
14
47,17,6
4,14,6,49
37,3,5,6
6,29
3,6,30
3,15,29
14,5,6,10,42
39,33,14
2,25,17,5
37,38,25,20,17,3,14,6
13,2,6
34,3,14,6
22,6,16,11
24,22,14,6,16
3,4,6,21,28,16
20,17,5,6
34,20,5,6,15
26,3,6,23
3,6,19,30
2,22,14,5,19
50,34,3,5
44,5
7,5,6
36,5,6
3,5,6
20,4,21
35,22,6,11
46,49
4,14,29
7
17,14,5,15
17,14,19,49
24,3,6
44,2,14,5
37,6
4,6,8
3,14,30
22,6,15
39,6
32,12,20,3,5,6,28
50,25,17,4,5,6,8
26,3,14,5,6,46
33,4,6,46
9,3,6
17,14,5,6
39,5,6,18
4,14,6
6
20,6
4
2,20,17,3,6
24,41,25,4,6
50,13,22
3,5,6
25,6
41,4,14
40,2,25,7
26,20
26,4,6,11
7,14,6,15
3,6
25,18
13,4
17,5,6
51,9,3,4,6,49
4,5
13,25,17,14,6
4,6,16,23
14,6,28
38,2,14,6
17,14,5,6
17,7,14,5,6
5,6,28
6
7,5,6
6
36,22,15,43
13,6,43
33,5,6
45,13,22
40,41,7,14,6
3,4,28
3,4
26,7,14,5,6,15
48,20
14,5,6
14,5
4,5,6,28,10
37,27,6,21,18
4,6,28
14,6,29
17,6
4,6,46
48,26,20,22,7,14,6
26,6,29
48,25,7,28,10,23
21
13,4,6
32,41,6
5,6
4,6,21
13,15,16,23,8
6
41,3,43
31,33,12,14,6
25,22,7,14,5,6,23
6,19,18,49
22,17,3,5,6,21
6
4,6
44,12,7
22,5,6
4,5,6
50,4,6,16
3,5,6
6
13,2,14,19
36,35,25,5,29
22,7,5,6
14,6,42
5
6,28
32,7,5,21
38,22
4,6
7,14,5,6,16
5
22,5,16
2,4,6
7,4,43
34,38,12,16
50,2,7,14,5
12,14,6
25,6
20,15,18
51,44,20,3,6,15
4,6
6,28
12,14,5,43
4,6,42
3,16
26,5,19
22,17
40,20,7
6
3,14,5,6,23
3,6
6
37,34,6
3,4,6
0
44,22,3,5,6
12,14,5
12,22,4,6
9,7,28
50,20,5,6,49
14,5,6
6
36,12
13,2,21,42
5,6,18
7,6
37,13,14,6,30
37,13,17,5,6
50,3,5,6,30
13,25,5
2,5
25,5,6
40,17,3
6,21
14
7,6
44,12,5,6
39,5,6,19
3,5,6
41,20,5
47,22,14
45,40,2,4
3,6
3,6,18
51,5,6
25,14,5,6,21,8
31,25,5
40,27,17,4,14,6
2,5,6
4
33,25,5,6,10
7,6
3,14,6
3,14
13,4,6
21
37,9,3
51,37,17,6,42
34,3,5,6,21
47,5,6,28
14,5,6
34,6,28
6
3,4,14,42,29
7,6
5,21
4,6,21,11
37,12,25,14,5,6
7,6,21
12,25,23,8
20,22,4,5,6,21
22,6
5,6,23
3,6,21
25,7,6,29
41,3,6
4,6,23,43
3,6,16
39,9,17,3,6
6,21
36,48,26,25,3,14,6
12,14,6,16
31,4,14,5,6,42
13,6,46
27,7,14,5
27,14,6,21
22,7,3,14,6,49
3,4,6,43
41,14,5,49
16
15
14,6
40,3,14,5,6
5,30
12,14,6
5
7,6
20,14,6
45,5,6,19
2,4,5
9,17
6,16
22,4
34,6
12,6
40,17,7,5,6
50,5,42
39,20,6
5,6
36,2,4,14,6,10,46
44,14,6
6
25,7,6,18
22,17,5,6,15,46
17,6
13,22,4,5,6,30
47,38,26,6
4,5,6
4,6
2,3,5,6,28
36,20,6,18
5
35,3
6,10
22,14,6
6,46
13,25,6
12
14,5
45,40,4,5,6
26,22,6
31,6
6
4,14,6
17,14,6,28
25,14,6,15,29
6
17,14,6
25,3,6
3,6
0
45,17,5,6,15
5,6
38,21,10
27,3,5,21,29
3,6
35,44,25,3,5
14
3,5
12,17,14,6,16
40,20,17,7,14,6
4,5,6,30
5,43
4,6,29
0
6,46,49
13,5
7
26,7,5
2,25,17,4,5
5,28
20,46
14,5,21
51,9,5,6
5,6,16
14,5,6
47,17,5,6,18
24,25,4,6
17,7,4,14,5,6
3,6
50,37,5,6,18
6
13,20,3,5,6
9,17,6,21
13,7,3,6
6,16,18
4,6
38,4,6,42,18
2,5,29
14,5
6
12,7,4
4,14,5,6,11
31,19
41,6
33,14,5
2,5,6,11
3,6
6,46
4,14,6,21
24,22,4,6,10
6
5,6,16
42
20,6,43
22,7,14,16
12,20,3,14,5,6
6,28
24,17,3,16
50,20,17,14,6,42
13,5,6
37,25,4,6
12,13,22,6
12,22,14,6
3,14
36,6
5,6,16
38,13,20,3,5,6
3,23
0
13,14,5,6
35,3,6
22,7,6
25,4,6
14,18
7,6
19
22,3
33,20,3,6,28,18
14,6
38,6
33,3
20,17,6
3,14,5,42
5,6
5,28
41,5,6
17,7,6,21
4,5,6,46
25,14,5,6,15,30
2,20,6,30
17,14,6,19
38,22,14,5,6
22,3,6
3,5,6,42
25,3,5,6
4,6,18,46,29
34,36,4
25,3
34,5,6,10
13,5,6,28
9,26,5,6
39,13,5,6,10
21
7,3,6
6
2,22,5,6,21
33,12
34,3,4,5,6,28,42
14,5,6
25,14,21
13,7,3,8
48,13,5,6
50,6
4,5,6
25,17,7,3,5,6
17,14,6,8
25,20,3,4
14,6,10
6
6,46
32,34,4,6,29
37,6,8
3,14,6,23
22,14,43
25,6,21,19
3,6,28
45,6
17,14,5
3,6
5,23,11,43
20,4,6,11
20,17,3,5
26
14,6
5,6
41,17,5,6
17,14,5,6,49
12,6
32,27,14,5
6,42
26,14,5,6,19
14
17,3,14,5,6
14,6,42
2,25
22,6
6
25,7,6
39,9,6
41,22,3,5
22,6
48,5,30
7,30
12,2,17,6
48,2,6
25
27,14,5,6
22,17,14,5,6,18
35,13,22,7
2,17,6,46
49
5,46
5,6,18
13,3,4,14,6,43
5,6,18
22
14,6,11
51,5
5,6,49
4,43
26,14,16
14,6,16
25,20,7,14,6
25,21
3,14,5
0
3,4,6,28,10
51,4,14
48,6,16
20,6
2,5,6
40,4,5,6
16
9,7,6,16
39,3
5
6,21
40,6
5,6,10,46
13,2,3,5,6
17,3
20,5
3,5,6
17,6
4,42
5,15
50,6,8
14,6
4,5,6
7,6
3,5,6
25,6,29,30
37,27,6
20,7,14,6,28,10
12,5,43
17,7,14,6
3,14,5,6
26,2
50,17,3,5,6,29
34,22,4,6,18
34,12,14,6,19
4,6,10,23
25,22,6,19,49
36,6
12,14,5
25,3,14,5
22,17,4,5
22,4,14,5,6
45,12,6,21,8
22
6
48,2,17,6
7,6,11
18
33,5,6
48,7,4,5,6,15,46
20,5
12,5,6,29
4,5
48,4,14,6
17,7,6
20,7,4,5,49
39,7,6,11
14,6
7,3,4,5,6,15
7,5,6
40,35,14,5,6
13,5,6
0
32,14,5,6,18
5,6,46
7,3,14,6,16
13,5,6
14,5,6
17,3,5,6
25,7,6,46,43,49
5
12,10
5,6
37,48,6,46
50,7,3
4,5,6
7,5,6
5,6,18
20,4,6
6
14,5,6
25,4,14
20,7,14,6
35,6
13,20,5
17,4
36,25,7,6
33,3,4,5,6
17,5,21,43
14,6,21
41,14,21
33,3,6,15,29
40,47
5,6
33,26,7,4,6,18
3,4
38,6
6,15
3
35,7,4,6
17,14
20,4,6
14,6,21
24,50,2,17,6
4,5,16,8
6,21,18
14,6,21
24,47,13,14,6,19
20,6,11,43,49
5,6,10,16
13,5,15,49
47,2,7,3,28,15,30
25,4
21,8
2,22,14,6
6
4,5,6
45,37,5,46
0
45,4,5,6,15,8
13,5,6,46
39,44,22
5
20,3,14,6
5
25,14,6,15,29
5
22,7,6
6
31,17,5,6,10
6
0
17,7,5
32,6,42,46,49
0
5,6
2,5,6
17
44,2,17,5,6,16
47,14,6,21,16
5,6,46
14,6
4,6
20,22,3,14,6
2,17,6,21
6
4,14,6,42
3,6,18
4,5,6
27,22,6,28
32,6
24,38,14,6
39,2,5,19
17
31,14,6,19
5,43
40,20,14
6,28,23
36,6,21,46
37,4,6,28
12,2,20,3,5,6
40,4,6,46
0
9,17,6,28,11
2,25,6,15
25,17,7,3,4,18
51,27,2,5,6
33,5,6,15,11
2,7,8
17,5,6,23
32,13,6
4,29
20,6
12,5,6,28
2,22,14,5,6
4,5,6
51,3,14,6,18,43
39,20,5,6
25,7,3,4,6
3,5,6
3,5,6,19,30
7,5,6,11
6
7,14,6
22,14,28
24,49
14
6
5,6,15
25,7,6
44,22,14,6
14,5,30
12,6
22,17,14,5,6
36,20,5,6
0
27,13,6
12,13,17,5,6,10
50,14,5,6
13,14
17,4,6
5,6
25,20,7,28,19
27,2,4,18
36,12,14,49
14,6
32,14,6,21
5,6
40,32,4,5,16
40,5,6,21
16
5,6,10
50,49
5,6
9,14,5,46
7,3,6
26,6,19,16
4,14,5
4,6
14,5
17,14
13,20,3,6
26,5,6
4,5,6
14,5,6
17,4,6,43
12,6,28
48,3,14
47,17,14,5,6
25,3,5,6,49
41,6,19
7,6
4,14,6
27,17,5,28
7,6
35,22,7,5
3,6,10
4
14
13,6,18
41
6
25,22,14,5,6,28
34,26,7,6
14,5
34,6
5,6
38,26,2,14,6
13,7,6
17,6,28
13,17
0
40,25,5,28
44,4,6,10
5,6
41,7,4,6,8
4,11,49
13,22,7,6,30
6,8
4,5,6
6
50,14,5,6
22,5,29
37,33,4,5
44,6
22,6,28,30
27,7,16
17,4,14,5
2,5,6,16
7,14,5,6
17,4,6
5,6
2,25
25,20,5
14,6,19
3,6
13,7,5,6
5,49
36,3,6,21
20,4,5,6,28
9,27,6
45,19
17,3,6
6
45,33,22,5,6
6,19
3,6,15
2,3,6
12,20,17,14,5
22,7,5,6,42
48,7,5,6,28
6,29
38,2,7,6
26,5,6,18,46
6
6
34,17,6
17,7,6
32,36,25,22
3,6
36
47,41,5,6
27,22,14,6,23,30
22,14,5,6,21
20,23
0
14,6,15
5
20,5,6,16
40,17,14,5,42
37,27,14,6,23
5,6
2,5,6
12,2,5,6
6,16
22,17,6,29
37,22,14,6,29
25,6
47,5,6
4,5,6
6,19,23,49
20,17,14,6,8
25,4,5,6
3,14,6,42,46
50,3,5,6,29
5
25,14,6
38,5,6,28,18,23
14,6,49
4,6
22,7,5,19
17,3,28
6,21
27,2,17,6
25,7,3,21,46
7,6
6,49
6
22,6
35,4,14,6
20,14,5,6,21,46
7,6
6
24,6
4,5,6
14,6,15,30
22,6,10
2,4,6
7,14,5,6,15
22,6,19
14
6
5,6
45,32,5
14,6,43
6,46
17,4,5,6,11
35,14,6,21,16
13,7,19,8
20,6
20,6
6,23
13,6
0
4,14,6
12,20,3,5
26,6
6,28
2,6
5
6
44,7,6
6,49
12,20,11
39,25,6,15
4,5
25,5,6
6,10
3,6,21,8
7,4,5,6
4,5
41,22,6,16
38,7,3,6
4,5,6,28
20,6
51
7,4,5,6
24
37,25,20,5,6
45,27,3,4,6
28
12,5
6,29
9,4,6
12,22,6
7,6
5,6,15
13,6,29
32
20,3,5,6
34,2,4,5,6,42
6,23
5,6,15
14,5,6
3,11
4,6,28
32,14,21
48,5,6,30
14,6
12,14,6
6
40,35,14,5,6
2
20,3,6
24,12,20,14,6
4,6
14,6,15
9,36,7,14,6,42
7,3,14,6
14,30
6,42
5
35,20,17,14,6,23,11
3
20,7
27,6,18
5,6
32,15
2,3,4,6,15
33,22,3,14,5,6
40,20,22,17,4,14,6,29
45,14,5,6
40,6
34,27,12,6
14,5,6,16
27,22,7,4
6,30
6
9,33,14,21,23,29
12,25,17,6
6
13
38,13,25,14
22,6,42,23,11
25,6
14,5,6,16
6
0
25,6,11
48,7,6
33,3,43
20,6
7,5,6
7,6
3,14,5,6
4,6,28
3,11
35,25,17
38,6
22,17,3,6
22,3,14,6
2,6,19
41,22,17,3,4,14,6
3,5,6,8
6,15
5,6,23
20
25,3,6,15,8
44,14,5
23,30
27,25,4,5,6
38,14,5,6
3
7,3,14,6
7,3,14
2,7,14,6
41,13,6
9,44,7,5,6
20,4,14
6
0
20,22,4,6
17,14,5,6
14
24,5,6,23,46
22,5
17,14,6,28
2,6
34,5,6,28
12,6,10
22,17
22,14,6,15
27,22,5
22,7,3,5,6,21
22,5,6,10
48,5,6
5
38,6,42,23
7,14
5,6
3,5,30
5,6
14,5,6,49
2,14,5,6
47,14,5,6
17,6
16,49
2,14,6
7,4,14,6,15,16
5,6
25,17,4,14,5,6
13,17,14,6
14,5,6,28,16
5,6
3,6,46,49
4,5
22,14
4,14,6
17,3,6
6,28
17,14,6
12,5
3,14,5,6
13
41,22,14
13,5
27,5,6
12,17,6,46
27,12,14,19,29
41,5,8
35,41,3,6
13,17,3,14
37,38,12,2,25,14,5,6
17,6
4,6
5,6,28,18
2,5
6
25
3,42
7,14,5,21
17,4,6
34,14,6,18
3,5,6,16,18,46
25,3,6,23
37,26,12,17,4,5,6
2,4,5,6
4,6
7,14
14,6
45,2,14,28
6
12,7,15,19
2
33,6
14,5,6
48,3,6,30
6
17,4,6,23
9,5,6,10
14,5,6,8
6
3,21
25,17,3,6
5,6
24,26,12,25,6,30
33,25,20,3,4,19
17,5,8
14,15,43
25,17,14,6
14,5,6
33,3,6,28,23
38,6,11
14,6,16
4,6,42
24,35,6
20,14,28
17,14
15
7,4,6
50,13,25,4,5
12,14,5
17,8
13,4,14,5,6
4,5,6,49
21,10,30
14,6
6
0
32,13,7
6
17,4,6
24,14,6
51,13,7,14,5,6
3,6,42,29
22,17,5
7,5,6,43
6
6
51,12,13,14,6
17,3,4,5,6
48,14,6
3,14,6,42
5,18
33,22,7,4,5,21
6
17,6,28
0
44,6,21
6
24,4,14,5,16,8
14,6
35,17,6
14,28
2,6
39,13,25,4,6,46,30
17,5
6,11
2,14,6,11
6,28
13
14,6
47,33,25,20,4,5,6
32,4,6,11
45,33,5
17,14,18,49
12,14,5,6,19,49
0
12,3
6
3,14,6
22,7,6,10
4,6
25,7,14,6
50,40,3,6
4,6
20,4,14
5,6
14,6
51,4,14,5,6
6,46
4,6
6,28,10
44,25,6,19
4,5
3,6,21,18,49
2,5,6
47,27,14
27,20,4,14,5,6,42
6,21
14,5,6
20,5
5,6,10
6,10
6,28
40,32,5,6,15
24,7,14,6
9,3,6
3,6,16,23
17,7,14,49
17,6,15
7,4
9,34,7,6
35,12,4,14,6,42
27,12,17,4,6
20,7,3,14,5,6
12,7,6,15,11
26,3,4,14,5,28
3,5,6,15
22,6,10
38,44,4,5,6
0
13,4,30
14,5,6
26,22,4,14,6,11
14,5,6
6,30
26,20,5
51,5,23
25,22,14,5,6,10,29
12,6,28,16
7,4,5,28
48
6
41,2,7,14
4,14
12,7,5,6,15,29
50,40,25,14,5,6,15,18,8
3,14,21,18,23
25,7,4,5,6
40,25,4,5,6,19,30
5,6,29
13,25,7,21
4,14,6
42
5,6
33
22,3,5,6,15,16,11
45,6
14,6
16
0
27,2,14,6
6,18
51,7,4,28
6
7,6,21,42,8
14
20,5,6,18
22,3,6,23
13,22,6,46
35,20,6
6,21,23
2,25,20,7,5,6
22,5
40,2,25,6
45,47
20,17,5,6,19
30
32,17,4,14,5,6
38,6,11
7,6
2,17,4,5
14,5,6
13,5,6
2,3,5,6,21
25,14,6
20,3,5,6
14,5,6,11
14,6
39,6
6,18,49
12
13,5,6,8
25,20,4,14,6,10,30
13,6,15,23
7,14,43
22,4,6
26,25,7,3
6
51,14,6
42
6
33,17,6,28
24,12,7,4,5,6,21,15,29
20
25,23,8
7,5,6,42
34,6
13,3,6,11
5,6
25,14,5,6,28,49
25,3,6
17,14,5,21
32,5
4,6,28,19
22,14,5
47,3,28
13,17,6
35,20,5
33,7,6,15
9,46
3,5,21,8
5,6
12,14,6
5,6,21,43
5,6
7,6
5,6,21,8
6
17,7,5,6
22,3,5,6,11
14,6,21
26,6
44,5,6
5,42
13,2,21
7,4,5,6,49
24,4,6
12,6
37,4,5,6
14,6
3,6,15
14,18,23
2,19,8
5,6,19
5,28
6,42
26,3,4,14,6
35,7,4,6,28
32,25,17,4,14,6,19,8
32,6
33,17,7,3,14,5,6
9,17,7,5,6,46
12,4,14,6
6,49
22,5,6
34,7,14,5,6
14
14,5,6
6,28
5
6
14,6,19
34,38,22,4,14,6
33,2,3
39,50,37,4,6,23
45,14,8
5,6
3,5,6,46
0
5
6,8
33,20,7,4,5
40,22,6,16,18
7,3
6,49
14,5,6,21,28
3,4,5,21
3,5,6
0
13,14,5,6,10
25,17,7,3,6,29
34,6
6
39
4,5,6
3,6,49
25,4,6
6,42
4,5,6
7,4,14,5,6
4,5,29
4,14,6
17,6,19
14
10
7,16,23
17,5,6,21
2,14,6
5,6
32,4,5,6,19,42
17,5
5,6
25,5
5,6
13,6
17,14,6
44,26,12,5,6
13,22,5,6
6,23,49
51,50,13,25,7
34,22,4,6,49
47,6,28
22,5
5,6
38,12,25,4,14,6
13,17,6
38,26,14,5,6
2,6,10
4,5
13,7,3,6
25,20,7,14,6,43
22,5,6
5,6
6,19
6
17,14,5,6
6,15,29
22,6,16
6,15
34,13,7
20,14,5,6,15
35,14,6
24,14,5,6
7,6
13,3,5,6
27,4,5,6
3,6,23
3
6,16
4,6
33,7,14,5,28
5,6
2
6
22,17,5,6
12,20,7,4,6
17,6,16
6
25,4,6
13,7,6,11
5,49
33,6
38,6
2
2,25,4,14,6,28
32,20,4,5
32,6
33,7,3,6
39,6,10
12,2,4,6
3,5
2,14,6
20,14,6,15
5,19
27,6,16
20,17,6
0
14,5,6
14,6
17,5,6
5,6,10,43
7,42
20,4,6
17,7,5,28
35,49
35,2,5
5,6,19
12,5,21
0
5,6
20,5,6,29
4,14,5,6
44,20,5,43
33,12,20,4,14,6,8,49
5,6
24,25,5,6
25,3,4,5,6,42,23
3,4,5,28
6
14,6
14,6
12,7,4
34,20,6,19,23
2,22,4
13,5,6,16
14
14,5,10
29
7,14
17,14,5,6
25,6,49
12,13,6,28,23
4,6,15
6
40,12,14
6
26,6,46
38,22,14,5,6
44,17,14,6
25,17,4,6
14,5,6,19
40,20,17,4,16
17,7
44,4,6
34,5,6
12,20,4,6,8
6
4,14,5,6,19,16
32,2,4,6,19
2,7,5,46
39
14,6,15
5
27,3,6,15
14
2,6,23
6,21
45,5
6,8
4
5,6
4,5,6,21
2,14,6,15
2,22,17,4,14,6
14,6
25,20,6
14,5,6
17
40,6
6,10
7,6
2,17,6
22,6
40,3,5,6
0
45,24,4,6
6
7,5,6
7,5,6,21,15
49
2,5,6,10,43
43
47,3,6
20,4,6,21
3,6
47,2,25,20,17,6,29
2,3
2,17,6
40,34,6,23
13,6,11
17,14,5,6
35,2,6
22,14,5,19
26,7
7,6,16
25,4,14
17,7
5,6
50,27,6,21
13,20,14,6
39,5,6,8
3,5,6
25,4,14,5,6
12,3,4,5,6
12,6
7,6
6
13,3,6
5,6
14,6,11
5,6
14,6,15,16,46
5,6,43
4,19
3,5,16
44
25,3,6
27,7,3,6
5,6,15
12,17,7,4,5,6,8
7,4
12,17,4,6
13,4
14,6
45,3,14,5,6
45,32,13,14,16,49
25,4,14,6
6,16,43
12,25,6,19
4,6
2,5,6,19
12,25,5,6
6
3,6
5,6,15
20
27,7,6
2,5
6
13,5,6
22,6,43
13,7,6
40,12,4,6
6
14,5,6
2,17,6
5
17,6
5
7,3
6
13,20,22,14,6,8
14,6,10
47,22,6
3,4,6
5
20,3,6
22,6
13,2,17,4,5,6
13,5,6
7,6
34,3,14,5,6,28
7,6
20,7,4,5,6,8
6,19,46
6,23
22,14,5,6,8
6
6,43
40,25,6
4
20,3,5,6
14,15,42
13,6
45,38,22,3,14,42
33,22,5,6
6
25,6
5
14,6
44,5,6,28
5
0
6,28
6
20,6
39,5,6
6
14,6,19
5,6,11
6
6,15
32,13,20,4,10
14,8
8
13,22,17,11,43
33,6
3,5,6
14,5,6,28
35,6
14,6
27,10
4,5,23
20,7,6,23
6
5,6
6
17,6,8
5,6
39
13,8
14
12
5
25,14,6
13,5
35,6
47,3,4,6
35,6
20,4,14,28
20,6,42
45,17,14,5,6
5
33,26,4,6
47,5,6
50,35,20,6
17,5,6,8
12,4,6
0
17,5,6
6
44,14,6
12,20,3,14
22,6
6,19
5,6,43
3,5,10,16
6
20,7,4,5,6
27,14,6
4,5
20,3,6
12,6,19
3,4
0
26,3,14,5,42
22,4,6
4,5,6
14
7,6
7,6
13,17,6
5
0
6
14,6
50,26,22,3,5,6
26,3,6
5
5,6
6
3,4,6
50,17,6,28
6
13,4,6,11
4,6
6
5
14,6
24,14,6
3,5,6
5
14,5,6
20,5
20,6
12
12,4,14,6
20,4,6
35,42
6
39,14,6,16
45,13,17,7,6
45,47,7,4,14,5,6,28
50
6
12,5,6
12,6,15
6
0
12,7,5,6,15
3,4,14,5,28,23
12,6
4,15
34,4
6
20,6,19
14,6,10
39,17,6
0
3,5
24,6
3,14,6
33
33,4,6
7,4,19
3,4,14,6
24,6
12,7,14,5,6
14,6
20,6
7,4,5
13,17
6
20,3,14,5,6,15
12,5,6
6
5,6
6
12,4,6
44,5
6
5
44,3,6
4
4,6
7,3,14,6
14,5,6
5
5,6
3,5,6,15
5,6,11
13,6
50,6
39,17,7,6
6
5
26,14,5
6
5
7,14
39,7,6
6
17,4,6
47,17,7,6,28,23
17,14,5,6
17,14,6
5,15
3,4,14,6
0
17,14,6
35,26,20,4,5,6
5,6
14,42,23
3,6
42,8
3,6
14,6
3,4,6,10
5,6
14,5,6
50,26,5,28
33,4,6
5,6
14,6
6
4,14,6
14,6,10,8
4,6
26,5,6,42,43
24,14
45,6
14,6,15
38,6,19
26,5,6
0
20,4
5
14
0
0
5
0
4
5
4,15
35,5
4
5,23
14,5
5
20,28,19
4,28,42,23,8
14
0
33,5
4,14,23
33,19,43
5,15
4,10
14
5,23
0
5,10
4
0
4
14,19
4,5
4
8
0
14,5
4,5,11
4,19
4,23
14
13,5,42
13,5
0
14,28
4
0
14,10,11
33
50,44,14,5
14,28,15,8
4,42,11
